0 0 -1.18
-9.28023e-06 9.5525e-06 -1.18001
-7.29113e-05 -0.000965068 -1.18018
0.00302382 0.00111023 -1.18014
0.0117564 0.0125243 -1.17985
0.00141474 0.0117565 -1.17915
-0.0203318 0.00324689 -1.17791
-0.046948 -0.00776323 -1.18054
-0.0715135 -0.028701 -1.18232
-0.0737723 -0.0467792 -1.18051
-0.0583802 -0.0652468 -1.18014
-0.0221255 -0.0725557 -1.18042
0.00512079 -0.0782354 -1.17635
0.0256583 -0.0806208 -1.17334
0.0378974 -0.0831386 -1.1713
0.0456473 -0.0867038 -1.17044
0.0550548 -0.0869305 -1.17035
0.0584735 -0.0887152 -1.17054
0.0694537 -0.0885748 -1.17024
0.0744098 -0.0946884 -1.16916
0.0799311 -0.108439 -1.16756
0.0897257 -0.115852 -1.16633
0.0933348 -0.131214 -1.16573
0.101746 -0.145084 -1.16529
0.104222 -0.159079 -1.16509
0.105112 -0.183768 -1.16476
0.11333 -0.216641 -1.16032
0.125004 -0.249269 -1.15788
0.138634 -0.280608 -1.15677
0.158472 -0.304954 -1.14772
0.168169 -0.32163 -1.14172
0.171887 -0.345302 -1.13804
0.179145 -0.36508 -1.1317
0.191285 -0.389212 -1.12797
0.20995 -0.41014 -1.12651
0.237563 -0.429578 -1.11333
0.267094 -0.45136 -1.10336
0.300535 -0.47451 -1.09648
0.339376 -0.496045 -1.08567
0.383328 -0.517025 -1.07776
0.42957 -0.528616 -1.07379
0.468667 -0.534135 -1.06055
0.495797 -0.546948 -1.05279
0.516495 -0.558023 -1.0505
0.539591 -0.573667 -1.04751
0.568946 -0.598518 -1.04807
0.603152 -0.611535 -1.04973
0.640222 -0.631792 -1.04975
0.673736 -0.641333 -1.06011
0.697675 -0.65899 -1.06542
0.722619 -0.673178 -1.06766
0.753039 -0.701741 -1.08628
0.794534 -0.73279 -1.09848
0.837577 -0.764107 -1.10551
0.879576 -0.798578 -1.10764
0.920066 -0.832266 -1.10764
0.956385 -0.864224 -1.10827
0.99911 -0.89465 -1.10862
1.0419 -0.922022 -1.10109
1.08017 -0.947771 -1.09692
1.11768 -0.978272 -1.09562
1.16693 -1.00435 -1.0911
1.20729 -1.01796 -1.08822
1.24589 -1.02569 -1.0851
1.27562 -1.04062 -1.08302
1.29791 -1.06793 -1.08069
1.31774 -1.09895 -1.083
1.34581 -1.13158 -1.0844
1.39352 -1.15289 -1.08429
1.41542 -1.1684 -1.09183
1.44552 -1.19436 -1.09675
1.48098 -1.21969 -1.09992
1.51908 -1.24549 -1.10219
1.55805 -1.27224 -1.10384
1.60366 -1.28943 -1.10557
1.64273 -1.31065 -1.10857
1.67569 -1.33357 -1.10684
1.71833 -1.36804 -1.10547
1.7541 -1.39959 -1.1039
1.79358 -1.42929 -1.10163
1.84366 -1.44658 -1.09986
1.89141 -1.47242 -1.09803
1.95051 -1.50415 -1.09471
1.99727 -1.53349 -1.09495
2.05399 -1.55672 -1.0983
2.10208 -1.55892 -1.0984
2.13277 -1.56446 -1.09872
2.16382 -1.58868 -1.09749
2.19751 -1.6561 -1.09091
2.21954 -1.69924 -1.08535
2.254 -1.74217 -1.07964
2.2889 -1.77336 -1.07686
2.33606 -1.80029 -1.07765
2.35725 -1.8318 -1.08128
2.39142 -1.86114 -1.08565
2.41247 -1.88179 -1.09138
2.42601 -1.93143 -1.09498
2.46633 -1.96487 -1.09746
2.50486 -1.99719 -1.09526
2.54067 -2.04036 -1.09925
2.58216 -2.08327 -1.10097
2.64471 -2.12107 -1.10169
2.69551 -2.15894 -1.12395
2.75644 -2.18969 -1.14048
2.79199 -2.21229 -1.15011
2.79949 -2.24317 -1.1656
2.81633 -2.26122 -1.17271
2.83871 -2.29532 -1.19277
2.86572 -2.33741 -1.20667
2.89705 -2.3703 -1.20292
2.92342 -2.40773 -1.19806
2.93825 -2.43953 -1.18448
2.95725 -2.46565 -1.17597
2.95963 -2.49569 -1.17136
2.96112 -2.52499 -1.1553
2.96551 -2.55544 -1.14468
2.96979 -2.59307 -1.13858
2.98938 -2.61718 -1.1357
3.0246 -2.63992 -1.13495
3.05772 -2.6588 -1.13536
3.08936 -2.67216 -1.12811
3.10033 -2.67728 -1.12339
3.10743 -2.69555 -1.12048
3.12371 -2.73223 -1.11789
3.14391 -2.76771 -1.11664
3.1805 -2.82028 -1.11548
3.2461 -2.87252 -1.1148
3.2855 -2.91586 -1.11444
3.33139 -2.96132 -1.11477
3.37365 -3.003 -1.11567
3.42032 -3.04294 -1.11658
3.46041 -3.08742 -1.11865
3.49342 -3.11909 -1.11256
3.52935 -3.14152 -1.10834
3.58472 -3.17448 -1.10991
3.64866 -3.20626 -1.11039
3.71106 -3.21971 -1.11778
3.78697 -3.2396 -1.12259
3.86326 -3.25103 -1.12617
3.9373 -3.2542 -1.13337
3.99181 -3.24718 -1.13993
4.02818 -3.25362 -1.13826
4.05713 -3.26904 -1.1345
4.06674 -3.28664 -1.13063
4.0907 -3.31263 -1.12683
4.11138 -3.32992 -1.13201
4.1308 -3.34864 -1.13585
4.16322 -3.37726 -1.13553
4.19536 -3.39988 -1.13534
4.22677 -3.40965 -1.13595
4.2585 -3.43727 -1.13789
4.29377 -3.46544 -1.14194
4.33126 -3.4862 -1.14647
4.37075 -3.51309 -1.14131
4.40564 -3.51009 -1.14003
4.45123 -3.52352 -1.13765
4.50288 -3.53871 -1.13508
4.52208 -3.55101 -1.14689
4.5464 -3.56361 -1.15578
4.58155 -3.59033 -1.16065
4.59636 -3.62244 -1.16298
4.59164 -3.64179 -1.16283
4.60262 -3.68485 -1.16145
4.60464 -3.70109 -1.16319
4.60915 -3.72446 -1.1637
4.62645 -3.76809 -1.15935
4.64348 -3.80362 -1.15695
4.66067 -3.83265 -1.15598
4.67321 -3.85713 -1.15151
4.68042 -3.88125 -1.14898
4.69152 -3.90685 -1.1481
4.7057 -3.93383 -1.1408
4.72282 -3.96537 -1.13596
4.73865 -3.97961 -1.13251
4.75511 -3.98263 -1.12593
4.78044 -3.99329 -1.12075
4.80101 -3.9954 -1.11905
4.82374 -3.99596 -1.11452
4.84058 -3.99296 -1.11154
4.8452 -3.9973 -1.1089
4.84669 -4.00577 -1.10169
4.84348 -4.02293 -1.09642
4.86257 -4.04959 -1.09246
4.88353 -4.06898 -1.09076
4.90556 -4.09928 -1.0913
4.92414 -4.129 -1.08492
4.94878 -4.15755 -1.08028
4.97671 -4.18635 -1.07713
4.99968 -4.22303 -1.05969
5.02043 -4.25274 -1.04873
5.03859 -4.28254 -1.04328
5.06228 -4.32354 -1.02833
5.07964 -4.34968 -1.01834
5.10433 -4.3738 -1.01162
5.13873 -4.38904 -1.00721
5.17637 -4.3985 -1.01455
5.22312 -4.40597 -1.02147
5.24697 -4.42184 -1.02802
5.27263 -4.44166 -1.03224
5.30168 -4.46842 -1.03256
5.31672 -4.47753 -1.04045
5.33096 -4.50595 -1.04548
5.34954 -4.53062 -1.04795
5.37011 -4.55033 -1.05741
5.39079 -4.57378 -1.06412
5.40783 -4.59231 -1.0652
5.42213 -4.60474 -1.06557
5.43544 -4.61556 -1.06584
5.44899 -4.63637 -1.06539
5.4604 -4.6568 -1.06536
5.4716 -4.67892 -1.06504
5.49075 -4.7176 -1.06402
5.51142 -4.7471 -1.07034
5.54226 -4.78371 -1.07472
5.58092 -4.7991 -1.07715
5.62482 -4.79913 -1.08695
5.67387 -4.80907 -1.09371
5.70946 -4.80044 -1.10013
5.73153 -4.79917 -1.11408
5.74288 -4.78921 -1.12359
5.74651 -4.76706 -1.12898
5.749 -4.78587 -1.13444
5.77418 -4.8094 -1.13553
5.78651 -4.82038 -1.16036
5.79967 -4.84735 -1.17703
5.82019 -4.87725 -1.18682
5.83189 -4.89718 -1.19994
5.86063 -4.92613 -1.20673
5.8826 -4.94294 -1.21089
5.88864 -4.95205 -1.21217
5.89157 -4.95993 -1.21192
5.88667 -4.97378 -1.21166
5.88502 -5.02208 -1.21217
5.89377 -5.06734 -1.20843
5.90726 -5.11054 -1.20528
5.93179 -5.15155 -1.20228
5.95538 -5.18038 -1.19626
5.97773 -5.2079 -1.19262
6.00423 -5.22474 -1.19032
6.02164 -5.23585 -1.18409
6.04084 -5.25585 -1.18039
6.05175 -5.27952 -1.17827
6.05244 -5.31816 -1.17316
6.06109 -5.36581 -1.16941
6.07962 -5.42767 -1.16678
6.10221 -5.49986 -1.16127
6.1463 -5.55769 -1.15746
6.23091 -5.61126 -1.14591
6.26812 -5.63839 -1.14135
6.29004 -5.6614 -1.13991
6.32187 -5.68697 -1.13601
6.35138 -5.7131 -1.13484
6.38957 -5.75745 -1.13484
6.46214 -5.78783 -1.13428
6.53628 -5.80748 -1.13318
6.59428 -5.82345 -1.13627
6.65829 -5.82787 -1.13799
6.72779 -5.82279 -1.13946
6.7793 -5.81253 -1.14516
6.79736 -5.80087 -1.14971
6.81069 -5.79118 -1.15174
6.82299 -5.79314 -1.15588
6.83648 -5.81832 -1.15716
6.87474 -5.8399 -1.15781
6.92705 -5.84952 -1.15912
6.97001 -5.86599 -1.16071
7.01142 -5.87936 -1.16272
7.0659 -5.89052 -1.16572
7.09398 -5.89167 -1.16663
7.12471 -5.89183 -1.16721
7.1289 -5.91395 -1.16451
7.1356 -5.94392 -1.16265
7.1494 -5.96303 -1.16211
7.17967 -5.99171 -1.16268
7.22506 -5.99083 -1.16388
7.25781 -6.00685 -1.16395
7.29336 -6.02915 -1.16336
7.32717 -6.04628 -1.16287
7.36776 -6.05125 -1.16305
7.40246 -6.04715 -1.17063
7.41982 -6.04462 -1.17679
7.43303 -6.04315 -1.18126
7.44699 -6.03755 -1.18927
7.45251 -6.0329 -1.19348
7.45577 -6.04156 -1.202
7.45915 -6.05238 -1.20579
7.46665 -6.06928 -1.20736
7.47417 -6.08469 -1.20743
7.48829 -6.10038 -1.20181
7.50131 -6.12096 -1.19824
7.50988 -6.151 -1.19785
7.52891 -6.17276 -1.18825
7.54237 -6.18792 -1.18224
7.54837 -6.21115 -1.17892
7.57234 -6.2171 -1.16934
7.60309 -6.24522 -1.16394
7.63654 -6.26475 -1.16088
7.68134 -6.26545 -1.15901
7.72217 -6.25538 -1.16694
7.74258 -6.22307 -1.1724
7.7451 -6.19156 -1.17332
7.7395 -6.1768 -1.18766
7.71799 -6.16454 -1.19577
7.71615 -6.18001 -1.19949
7.71331 -6.17949 -1.20117
7.71477 -6.17748 -1.20213
7.71121 -6.19073 -1.20319
7.71744 -6.20288 -1.20476
7.71204 -6.1996 -1.20586
7.71723 -6.20111 -1.2
7.71821 -6.19157 -1.19696
7.72172 -6.19451 -1.18207
7.72138 -6.20273 -1.17182
7.71711 -6.2083 -1.17851
7.72419 -6.22546 -1.17977
7.74283 -6.22985 -1.18427
7.76076 -6.23789 -1.18707
7.78157 -6.2384 -1.18893
7.79256 -6.22731 -1.19855
7.79244 -6.20439 -1.20508
7.77589 -6.18977 -1.20769
7.76474 -6.18715 -1.20772
7.7504 -6.19168 -1.20736
7.74446 -6.19969 -1.2065
7.74781 -6.19909 -1.20667
7.74964 -6.20736 -1.20719
7.75371 -6.21943 -1.19553
7.75695 -6.23869 -1.1871
7.76814 -6.25642 -1.18066
7.77065 -6.26924 -1.16885
7.76338 -6.27515 -1.16057
7.75765 -6.26864 -1.15605
7.75497 -6.28077 -1.14659
7.75864 -6.31192 -1.14112
7.77714 -6.32546 -1.13883
7.79823 -6.33618 -1.13393
7.82351 -6.35871 -1.12969
7.85153 -6.3805 -1.12672
7.88753 -6.40548 -1.12497
7.93755 -6.4087 -1.12516
7.95717 -6.39696 -1.12612
7.98124 -6.37717 -1.13057
8.01293 -6.35972 -1.13526
8.02744 -6.32164 -1.13918
8.0397 -6.31215 -1.14015
8.05161 -6.30865 -1.14347
8.05779 -6.31097 -1.1445
8.07116 -6.30192 -1.14509
8.07496 -6.28252 -1.17037
8.07518 -6.27384 -1.18711
8.07355 -6.26831 -1.1992
8.07137 -6.26118 -1.21971
8.07083 -6.25737 -1.23302
8.06536 -6.26344 -1.24101
8.05307 -6.26877 -1.25975
8.04651 -6.28231 -1.27019
8.03805 -6.29951 -1.27648
8.02326 -6.31102 -1.29543
8.02188 -6.3181 -1.31243
8.01112 -6.31208 -1.32291
7.99127 -6.30355 -1.34219
7.95764 -6.30852 -1.35504
7.94453 -6.31887 -1.36015
7.9245 -6.30916 -1.38076
7.90057 -6.30164 -1.39092
7.87874 -6.29483 -1.39403
7.85089 -6.27712 -1.42342
7.83287 -6.26695 -1.4414
7.82514 -6.26084 -1.45177
7.82339 -6.25214 -1.46207
7.82894 -6.24773 -1.4636
7.83692 -6.25372 -1.46312
7.83448 -6.26103 -1.46189
7.84658 -6.28538 -1.45246
7.85397 -6.29456 -1.44548
7.85512 -6.31705 -1.44142
7.86682 -6.33586 -1.42584
7.85853 -6.34571 -1.41424
7.84132 -6.34677 -1.40542
7.81815 -6.35798 -1.39068
7.79779 -6.39021 -1.38002
7.78174 -6.43794 -1.37312
7.79247 -6.48622 -1.35425
7.81313 -6.50701 -1.34233
7.82519 -6.51271 -1.33736
7.82092 -6.50251 -1.3028
7.81529 -6.50786 -1.27733
7.80617 -6.51943 -1.26153
7.80056 -6.55151 -1.22637
7.79945 -6.55704 -1.20669
7.79014 -6.55023 -1.19249
7.7744 -6.58285 -1.16569
7.7705 -6.62934 -1.14947
7.78235 -6.68411 -1.14101
7.8067 -6.73229 -1.1341
7.83755 -6.76304 -1.13226
7.86841 -6.78454 -1.13344
7.88443 -6.79192 -1.13493
7.89516 -6.79544 -1.13931
7.90004 -6.80584 -1.14156
7.90055 -6.82068 -1.14387
7.90741 -6.85284 -1.14999
7.92612 -6.88676 -1.15483
7.95549 -6.89779 -1.15779
7.96828 -6.90685 -1.1583
7.97876 -6.91125 -1.1571
7.96347 -6.91007 -1.15496
7.96208 -6.92994 -1.15416
7.95873 -6.93829 -1.14723
7.94691 -6.94326 -1.14292
7.93608 -6.9412 -1.1398
7.90535 -6.94989 -1.12912
7.91016 -6.97056 -1.121
7.91522 -6.9922 -1.1153
7.9239 -7.01579 -1.11192
7.94325 -7.04898 -1.11011
7.96752 -7.07049 -1.11168
7.99154 -7.09113 -1.105
8.01627 -7.10078 -1.10093
8.03001 -7.11946 -1.09802
8.03518 -7.1447 -1.07138
8.05207 -7.15532 -1.05623
8.06071 -7.17627 -1.04651
8.07617 -7.18722 -1.03635
8.08451 -7.20149 -1.03099
8.08557 -7.22537 -1.02855
8.08813 -7.23242 -1.00319
8.09568 -7.2372 -0.984995
8.09845 -7.25134 -0.974128
8.09139 -7.2598 -0.949503
8.08406 -7.28079 -0.932561
8.09108 -7.27273 -0.924443
8.08812 -7.27054 -0.913067
8.08389 -7.27683 -0.914951
8.08357 -7.27957 -0.917608
8.07457 -7.29135 -0.920346
8.06552 -7.29946 -0.947388
8.06151 -7.30494 -0.967472
8.06969 -7.294 -0.981766
8.08555 -7.27056 -0.995604
8.10165 -7.23522 -1.0058
8.0997 -7.20912 -1.00612
8.08125 -7.20769 -1.00883
8.05963 -7.22192 -1.01032
8.05164 -7.24097 -1.01039
8.05199 -7.2451 -1.01772
8.06044 -7.22986 -1.02267
8.05066 -7.23176 -1.02437
8.05463 -7.2029 -1.0295
8.04768 -7.17695 -1.03235
8.03084 -7.15697 -1.03424
8.01565 -7.12702 -1.04347
8.01508 -7.11889 -1.05037
8.01168 -7.09569 -1.05544
8.00075 -7.07467 -1.07092
7.99434 -7.05355 -1.08087
7.97593 -7.05256 -1.0868
7.95756 -7.09567 -1.0962
7.95107 -7.14501 -1.10276
7.94344 -7.1919 -1.10581
7.95662 -7.21138 -1.12005
7.96095 -7.20165 -1.12916
7.94652 -7.22191 -1.1335
7.94428 -7.2251 -1.13454
7.91969 -7.26514 -1.12886
7.90142 -7.2963 -1.12399
7.88825 -7.31702 -1.10735
7.87869 -7.34214 -1.09732
7.85856 -7.37392 -1.09282
7.83509 -7.40977 -1.08763
7.82582 -7.45496 -1.08559
7.82308 -7.48737 -1.08859
7.83813 -7.49793 -1.09156
7.85467 -7.48811 -1.09265
7.85028 -7.45836 -1.11378
7.84221 -7.43424 -1.12704
7.82192 -7.38831 -1.17416
7.80918 -7.35247 -1.20618
7.79645 -7.31701 -1.22488
7.7729 -7.27526 -1.2483
7.75388 -7.24379 -1.26226
7.73526 -7.21856 -1.26884
7.71347 -7.19031 -1.2745
7.68736 -7.16695 -1.27559
7.6609 -7.14307 -1.27516
7.63124 -7.12828 -1.27378
7.60286 -7.13022 -1.27253
7.58358 -7.13483 -1.27157
7.56808 -7.13883 -1.27098
7.56414 -7.13851 -1.25794
7.55457 -7.14459 -1.24761
7.54419 -7.15464 -1.24109
7.53325 -7.17055 -1.22421
7.516 -7.18629 -1.21204
7.49713 -7.20554 -1.20656
7.47328 -7.21961 -1.18842
7.4512 -7.22489 -1.17784
7.43026 -7.23391 -1.16839
7.4224 -7.25226 -1.1623
7.40784 -7.27542 -1.16212
7.39363 -7.28751 -1.16334
7.40115 -7.28514 -1.16434
7.41842 -7.28204 -1.16488
7.42187 -7.28475 -1.16449
7.42603 -7.28086 -1.16229
7.42459 -7.24321 -1.17102
7.42209 -7.2001 -1.17675
7.41334 -7.16651 -1.19201
7.40944 -7.12751 -1.20216
7.40123 -7.08738 -1.20434
7.38444 -7.05149 -1.20537
7.36359 -7.02534 -1.20168
7.33928 -7.00978 -1.1991
7.32153 -7.00286 -1.19758
7.30866 -7.00485 -1.17519
7.29522 -7.00033 -1.15882
7.27744 -6.9886 -1.14718
7.25676 -6.98418 -1.12803
7.23344 -6.98561 -1.11612
7.21369 -6.99067 -1.11094
7.19615 -6.99789 -1.08839
7.17673 -7.00962 -1.07397
7.15389 -7.01928 -1.06725
7.12489 -7.03237 -1.04858
7.09503 -7.06469 -1.03691
7.07597 -7.10376 -1.03153
7.06057 -7.11296 -1.02917
7.05197 -7.1227 -1.02821
7.05796 -7.1317 -1.02779
7.06816 -7.14256 -1.02867
7.0774 -7.14713 -1.03083
7.08729 -7.15261 -1.03734
7.09257 -7.15563 -1.04294
7.09437 -7.15938 -1.04784
7.10542 -7.16241 -1.05956
7.11491 -7.16555 -1.06656
7.12232 -7.1758 -1.06818
7.13536 -7.17541 -1.08688
7.13168 -7.17731 -1.09856
7.12698 -7.1825 -1.10309
7.11671 -7.18186 -1.12511
7.09486 -7.19428 -1.14115
7.08158 -7.21061 -1.15343
7.07383 -7.22977 -1.16145
7.06817 -7.26273 -1.15892
7.06574 -7.29532 -1.15686
7.06567 -7.32251 -1.154
7.0731 -7.33605 -1.15089
7.0833 -7.33306 -1.1508
7.08856 -7.33859 -1.14843
7.08738 -7.34252 -1.14505
7.07741 -7.34996 -1.1431
7.06529 -7.35811 -1.14395
7.05171 -7.37652 -1.14602
7.05239 -7.39591 -1.14788
7.05051 -7.41067 -1.13939
7.03871 -7.43311 -1.1315
7.03063 -7.45668 -1.12486
7.01456 -7.49007 -1.10652
7.00262 -7.52308 -1.09514
6.9822 -7.55214 -1.09143
6.96124 -7.5834 -1.07564
6.94808 -7.61357 -1.06873
6.93213 -7.65001 -1.04572
6.91142 -7.68859 -1.03042
6.90526 -7.72357 -1.02787
6.89647 -7.76027 -1.02607
6.8833 -7.80204 -1.02996
6.8699 -7.84374 -1.03378
6.86426 -7.87702 -1.03196
6.85587 -7.90517 -1.02999
6.83128 -7.93984 -1.02795
6.8058 -7.97561 -0.930255
6.77812 -8.01718 -0.86004
6.74759 -8.08279 -0.812892
6.73196 -8.13267 -0.785997
6.69682 -8.20276 -0.782529
6.67012 -8.2676 -0.786425
6.64125 -8.32977 -0.795207
6.60479 -8.41062 -0.809977
6.58137 -8.49171 -0.822987
6.5826 -8.55795 -0.832966
6.5785 -8.63654 -0.844087
6.57677 -8.70227 -0.850537
6.56953 -8.77109 -0.861509
6.56602 -8.83247 -0.867424
6.54689 -8.90609 -0.870949
6.52422 -8.98578 -0.873301
6.52087 -9.0504 -0.874406
6.51914 -9.10416 -0.874968
6.51277 -9.16687 -0.873649
6.49854 -9.24971 -0.872805
6.49348 -9.32904 -0.873211
6.46971 -9.43662 -0.890714
6.4839 -9.50228 -0.902788
6.50043 -9.55966 -0.93831
6.50499 -9.61214 -0.963628
6.52374 -9.64239 -0.978759
6.53392 -9.66333 -0.990367
6.52718 -9.67501 -0.99449
6.51508 -9.68336 -0.993214
6.49955 -9.71684 -1.01966
6.48619 -9.75875 -1.03625
6.46761 -9.81387 -1.04465
6.45105 -9.88675 -1.08331
6.4334 -9.95268 -1.10014
6.42329 -10.0241 -1.11107
6.41192 -10.0806 -1.11969
6.41098 -10.137 -1.11125
6.42269 -10.1863 -1.10444
6.41894 -10.239 -1.09982
6.43152 -10.2594 -1.09225
6.45465 -10.2809 -1.08657
6.47892 -10.2907 -1.08263
6.49802 -10.2832 -1.08002
6.5004 -10.2942 -1.0807
6.49787 -10.3159 -1.07883
6.493 -10.339 -1.08095
6.48788 -10.3645 -1.08267
6.49043 -10.3969 -1.08509
6.49067 -10.4218 -1.08576
6.49835 -10.4435 -1.08584
6.50218 -10.4577 -1.08551
6.49352 -10.4592 -1.08611
6.47527 -10.4789 -1.07421
6.47476 -10.5081 -1.06648
6.47037 -10.5455 -1.06433
6.48105 -10.5901 -1.06023
6.50796 -10.6394 -1.05726
6.54731 -10.6924 -1.05579
6.59002 -10.7273 -1.05545
6.62583 -10.7503 -1.06824
6.6617 -10.7645 -1.07683
6.66964 -10.7796 -1.08138
6.67933 -10.8046 -1.09308
6.69776 -10.8213 -1.09897
6.71869 -10.8223 -1.09915
6.73595 -10.8134 -1.10843
6.72785 -10.7978 -1.1128
6.71816 -10.7956 -1.11604
6.70671 -10.798 -1.11574
6.7026 -10.7962 -1.11792
6.69155 -10.7957 -1.12107
6.67034 -10.799 -1.09722
6.65303 -10.8142 -1.07988
6.6251 -10.8369 -1.06752
6.60605 -10.8643 -1.05996
6.58751 -10.87 -1.05605
6.56282 -10.8701 -1.05313
6.53593 -10.8808 -1.05181
6.48799 -10.8946 -1.05233
6.45853 -10.9172 -1.05312
6.4448 -10.9446 -1.04364
6.41612 -10.9539 -1.03737
6.3752 -10.965 -1.03574
6.34241 -10.9815 -1.02423
6.31096 -11.0013 -1.01878
6.28797 -11.0128 -1.003
6.27462 -11.0169 -0.991521
6.25903 -11.0326 -0.983426
6.23514 -11.0704 -0.977595
6.21781 -11.1348 -0.979035
6.23341 -11.201 -0.983342
6.26314 -11.2344 -0.98997
6.28137 -11.2395 -0.995914
6.29425 -11.2435 -0.99905
6.30251 -11.2491 -1.0024
6.30642 -11.277 -1.01683
6.30008 -11.2843 -1.02341
6.29404 -11.2905 -1.02337
6.2825 -11.2754 -1.05398
6.26957 -11.2692 -1.07482
6.2573 -11.2634 -1.09942
6.23348 -11.2634 -1.10874
6.22227 -11.2617 -1.11029
6.21041 -11.2712 -1.11109
6.19543 -11.2946 -1.095
6.18179 -11.3375 -1.08475
6.18141 -11.3854 -1.08162
6.19116 -11.4252 -1.04855
6.20473 -11.4519 -1.02827
6.20201 -11.4824 -1.00427
6.18356 -11.5117 -0.990181
6.16376 -11.5403 -0.99434
6.1584 -11.5729 -0.999197
6.15273 -11.6096 -1.0023
6.15062 -11.6379 -1.02205
6.15537 -11.6377 -1.03446
6.15233 -11.6391 -1.07647
6.14579 -11.6345 -1.10479
6.13784 -11.6372 -1.12023
6.13065 -11.6273 -1.14876
6.11979 -11.6192 -1.16321
6.09906 -11.6015 -1.16711
6.0886 -11.5929 -1.19617
6.06604 -11.58 -1.21402
6.04085 -11.5743 -1.2286
6.01445 -11.5691 -1.23683
5.98751 -11.5707 -1.23619
5.96117 -11.5667 -1.23429
5.92838 -11.5609 -1.21424
5.88925 -11.5267 -1.20004
5.84726 -11.5066 -1.19084
5.80289 -11.4944 -1.17265
5.76715 -11.4906 -1.16179
5.73632 -11.5006 -1.1478
5.70838 -11.5175 -1.13998
5.69275 -11.5402 -1.13675
5.68068 -11.5642 -1.12216
5.67529 -11.5786 -1.11296
5.66913 -11.5822 -1.107
5.66803 -11.587 -1.1033
5.66072 -11.5987 -1.10384
5.66127 -11.6081 -1.10431
5.65968 -11.614 -1.10828
5.66007 -11.6059 -1.1099
5.65295 -11.5889 -1.09999
5.64017 -11.561 -1.09437
5.63136 -11.5715 -1.09015
5.61391 -11.5756 -1.08685
5.59944 -11.5892 -1.08336
5.58882 -11.592 -1.08031
5.56188 -11.614 -1.02066
5.54379 -11.6341 -0.977614
5.52274 -11.6625 -0.953104
5.50682 -11.7022 -0.940338
5.49395 -11.7264 -0.939306
5.47667 -11.7558 -0.938276
5.46796 -11.7901 -0.939307
5.44888 -11.7955 -0.938818
5.43924 -11.7923 -0.939115
5.42756 -11.7678 -0.938558
5.37983 -11.7506 -0.93831
5.35772 -11.743 -0.937282
5.33105 -11.7314 -0.978055
5.3149 -11.7166 -1.00923
5.31237 -11.7005 -1.02946
5.29107 -11.7183 -1.04853
5.28112 -11.7209 -1.05837
5.2805 -11.7278 -1.07609
5.27023 -11.7407 -1.08699
5.26803 -11.7564 -1.09407
5.27671 -11.7734 -1.09971
5.27765 -11.7772 -1.10183
5.26958 -11.7818 -1.10064
5.26713 -11.7785 -1.11416
5.2439 -11.762 -1.11894
5.2309 -11.7628 -1.11932
5.21698 -11.7532 -1.14588
5.20198 -11.749 -1.16429
5.19285 -11.7413 -1.1775
5.18132 -11.7249 -1.19582
5.16734 -11.7187 -1.20118
5.13714 -11.7216 -1.206
5.10002 -11.7409 -1.20947
5.06693 -11.7549 -1.19873
5.03789 -11.7749 -1.18849
4.99479 -11.8071 -1.18637
4.95631 -11.8252 -1.18385
4.90987 -11.8509 -1.18079
4.86814 -11.8816 -1.19952
4.83185 -11.906 -1.21401
4.79716 -11.932 -1.22359
4.7602 -11.9533 -1.24622
4.72391 -11.9616 -1.26062
4.68143 -11.9784 -1.26902
4.64311 -11.9909 -1.28882
4.6008 -12.0121 -1.3018
4.55876 -12.0422 -1.31147
4.52868 -12.0709 -1.32024
4.50226 -12.0855 -1.32609
4.47229 -12.0857 -1.32915
4.4422 -12.0781 -1.32967
4.39999 -12.0716 -1.32857
4.36001 -12.0674 -1.32585
4.32078 -12.0686 -1.32308
4.26562 -12.0795 -1.31575
4.22423 -12.0953 -1.31069
4.19074 -12.1223 -1.30646
4.16842 -12.1453 -1.30384
4.14526 -12.1572 -1.30194
4.12148 -12.1613 -1.29977
4.09411 -12.1507 -1.29116
4.05839 -12.1335 -1.28616
4.01577 -12.1267 -1.28547
3.96646 -12.1307 -1.27079
3.91745 -12.1436 -1.26195
3.87101 -12.1542 -1.257
3.8246 -12.1659 -1.25422
3.78753 -12.1599 -1.2367
3.7475 -12.1433 -1.22428
3.70417 -12.1288 -1.21536
3.65736 -12.1128 -1.20928
3.60192 -12.0948 -1.20886
3.54612 -12.0948 -1.20818
3.48585 -12.0995 -1.20821
3.42502 -12.1139 -1.21325
3.36961 -12.1379 -1.21476
3.31833 -12.1452 -1.21681
3.27236 -12.1424 -1.21814
3.23639 -12.1222 -1.21457
3.18826 -12.0948 -1.21148
3.13211 -12.0873 -1.20879
3.08198 -12.0747 -1.20732
3.03551 -12.0532 -1.20605
2.97839 -12.0236 -1.2044
2.93587 -11.986 -1.1969
2.89561 -11.9209 -1.19294
2.83914 -11.872 -1.19047
2.78693 -11.8369 -1.17782
2.72922 -11.7988 -1.16887
2.65915 -11.8157 -1.16331
2.59589 -11.8426 -1.15054
2.54239 -11.8714 -1.14218
2.51116 -11.8764 -1.14567
2.47697 -11.8817 -1.14999
2.45164 -11.883 -1.15233
2.41983 -11.8808 -1.1541
2.39116 -11.8897 -1.1547
2.34856 -11.9303 -1.15437
2.31453 -11.9772 -1.1535
2.28666 -12.0366 -1.1489
2.25395 -12.0972 -1.1453
2.21516 -12.1565 -1.14265
2.19041 -12.2155 -1.13302
2.17063 -12.2578 -1.12684
2.14452 -12.2761 -1.1244
2.12424 -12.2957 -1.11178
2.10027 -12.3244 -1.10483
2.06369 -12.3607 -1.10275
2.04143 -12.4136 -1.09104
2.03717 -12.4701 -1.08391
2.02795 -12.5303 -1.07958
2.00276 -12.5969 -1.07395
1.98667 -12.6639 -1.07461
1.99963 -12.705 -1.07692
2.00837 -12.7291 -1.07797
2.02989 -12.7463 -1.08616
2.04424 -12.7592 -1.09141
2.00877 -12.8057 -1.09418
2.00773 -12.8436 -1.11701
2.00753 -12.8709 -1.13324
1.99493 -12.8829 -1.14162
1.99012 -12.8962 -1.16215
1.97662 -12.8917 -1.17435
1.93587 -12.8931 -1.18091
1.90083 -12.9097 -1.20158
1.84278 -12.9533 -1.21535
1.80633 -13.0182 -1.22291
1.78172 -13.0831 -1.22554
1.75657 -13.1484 -1.22496
1.74342 -13.1937 -1.23191
1.73101 -13.2361 -1.23546
1.72561 -13.2725 -1.23626
1.71111 -13.2997 -1.23601
1.68481 -13.3305 -1.2356
1.66089 -13.3687 -1.2355
1.62887 -13.4072 -1.23487
1.60022 -13.4449 -1.23426
1.56926 -13.4891 -1.22202
1.5428 -13.528 -1.21572
1.51483 -13.5593 -1.19184
1.48904 -13.592 -1.1751
1.45509 -13.617 -1.16398
1.40469 -13.651 -1.14898
1.36824 -13.7079 -1.14054
1.33608 -13.7753 -1.13711
1.31775 -13.8432 -1.13693
1.30383 -13.8889 -1.13809
1.28386 -13.9191 -1.13692
1.27586 -13.9372 -1.13563
1.27048 -13.9453 -1.14227
1.2752 -13.9763 -1.14658
1.27193 -13.9811 -1.14043
1.25579 -13.9659 -1.13584
1.24088 -13.9364 -1.13408
1.23144 -13.8735 -1.13285
1.19972 -13.857 -1.13235
1.17357 -13.8499 -1.13325
1.13932 -13.876 -1.11022
1.12359 -13.8943 -1.09365
1.10973 -13.9108 -1.08263
1.06787 -13.9146 -1.06343
1.03894 -13.9172 -1.05176
1.02567 -13.932 -1.04547
1.00593 -13.9497 -1.033
1.01382 -13.9761 -1.02528
1.00293 -13.9731 -1.02287
0.949785 -13.9713 -1.02277
0.915011 -13.9711 -1.02437
0.870005 -13.9611 -1.02627
0.843379 -13.9846 -1.01865
0.83261 -14.0075 -1.01236
0.825795 -14.0306 -1.01239
0.807165 -14.0538 -1.00919
0.799979 -14.088 -1.00824
0.811318 -14.1212 -1.01426
0.814473 -14.1362 -1.02077
0.820918 -14.1518 -1.02594
0.837524 -14.1565 -1.03409
0.82859 -14.149 -1.03887
0.835882 -14.157 -1.06117
0.835638 -14.1514 -1.07522
0.829277 -14.1278 -1.08322
0.766031 -14.1237 -1.10603
0.712765 -14.1135 -1.11901
0.651877 -14.1073 -1.12687
0.581216 -14.1172 -1.13731
0.526498 -14.1518 -1.14189
0.479415 -14.1809 -1.14345
0.421106 -14.2039 -1.14278
0.366701 -14.2456 -1.14063
0.333771 -14.2906 -1.13842
0.30038 -14.3466 -1.14518
0.286862 -14.4045 -1.15004
0.279709 -14.4466 -1.15364
0.278675 -14.472 -1.16013
0.270263 -14.4821 -1.16541
0.249631 -14.5196 -1.16918
0.230052 -14.5633 -1.17431
0.217918 -14.6295 -1.17911
0.239278 -14.7018 -1.18265
0.265939 -14.7404 -1.19596
0.291083 -14.7688 -1.20354
0.308558 -14.7796 -1.20579
0.315634 -14.7835 -1.22597
0.324862 -14.8052 -1.23797
0.334179 -14.834 -1.24413
0.348567 -14.8545 -1.25508
0.365782 -14.8629 -1.26177
0.369225 -14.8667 -1.26552
0.368041 -14.878 -1.26633
0.364497 -14.8942 -1.26137
0.358387 -14.9196 -1.25757
0.352025 -14.9464 -1.25544
0.345549 -14.991 -1.23764
0.347609 -15.0425 -1.22693
0.359859 -15.0663 -1.22145
0.376547 -15.0645 -1.19463
0.383088 -15.0664 -1.17622
0.375717 -15.034 -1.16761
0.354779 -15.028 -1.16263
0.329834 -15.0321 -1.16049
0.307018 -15.05 -1.1599
0.286285 -15.076 -1.15942
0.263718 -15.1004 -1.1582
0.239908 -15.1339 -1.1605
0.219988 -15.1595 -1.16303
0.20082 -15.2014 -1.16719
0.0556334 -15.6765 -1.1703
-0.023118 -15.6059 -1.27419
-0.0221279 -15.5735 -1.29825
-0.00346601 -15.5401 -1.29734
0.00218393 -15.5394 -1.29493
0.0124681 -15.5698 -1.29217
0.0279266 -15.5781 -1.28461
0.0455652 -15.5867 -1.27926
0.0366415 -15.6 -1.27373
0.0240429 -15.6209 -1.25134
-0.00581848 -15.6501 -1.23392
-0.0428455 -15.6796 -1.21925
-0.0695659 -15.7094 -1.21011
-0.0895184 -15.7271 -1.20412
-0.0833069 -15.7441 -1.20245
-0.0770278 -15.7456 -1.19468
-0.0887397 -15.7353 -1.19184
-0.0900501 -15.7212 -1.18114
-0.102139 -15.7087 -1.17633
-0.120009 -15.6934 -1.17636
-0.147978 -15.6935 -1.17845
-0.1679 -15.7074 -1.18098
-0.190327 -15.7264 -1.19001
-0.206064 -15.7549 -1.19501
-0.21692 -15.7828 -1.19656
-0.22175 -15.7872 -1.21213
-0.215079 -15.7945 -1.22206
-0.193498 -15.8052 -1.22718
-0.177989 -15.8053 -1.23819
-0.152885 -15.8039 -1.24479
-0.12474 -15.7874 -1.2496
-0.109529 -15.764 -1.2519
-0.0814211 -15.7444 -1.25108
-0.0682106 -15.7201 -1.24468
-0.0481853 -15.6898 -1.23878
-0.0330326 -15.6606 -1.23454
-0.00106817 -15.6315 -1.22089
0.0195615 -15.6019 -1.2131
0.0479341 -15.5764 -1.20992
0.075254 -15.5463 -1.19214
0.108019 -15.5185 -1.18179
0.130517 -15.4815 -1.17527
0.1342 -15.4712 -1.15971
0.13126 -15.4612 -1.153
0.120552 -15.4901 -1.14938
0.117823 -15.5446 -1.1474
0.131412 -15.5902 -1.15038
0.156215 -15.6262 -1.15302
0.193756 -15.6521 -1.15512
0.227772 -15.6413 -1.15948
0.246569 -15.6196 -1.16195
0.247632 -15.6231 -1.1636
0.22254 -15.6344 -1.16532
0.182518 -15.6838 -1.16675
0.154289 -15.7445 -1.16786
0.137725 -15.8043 -1.16879
0.13765 -15.8357 -1.16906
0.133736 -15.8474 -1.16101
0.129355 -15.8604 -1.15532
0.119832 -15.8528 -1.15244
0.103408 -15.8523 -1.14388
0.0949612 -15.858 -1.13853
0.0790188 -15.8569 -1.13517
0.06 -15.8537 -1.13291
0.0354404 -15.8585 -1.13078
0.00575277 -15.8795 -1.12907
-0.0268004 -15.9123 -1.12802
-0.0485819 -15.9543 -1.13568
-0.0638286 -15.9707 -1.14073
-0.0803585 -15.9709 -1.14292
-0.106493 -15.9733 -1.14362
-0.139585 -15.975 -1.14314
-0.178084 -15.9809 -1.14225
-0.207505 -16.0011 -1.14086
-0.235318 -16.0147 -1.14039
-0.273328 -16.0206 -1.13718
-0.308792 -16.03 -1.13704
-0.337108 -16.0358 -1.13916
-0.370311 -16.0423 -1.12557
-0.410357 -16.0505 -1.11632
-0.446656 -16.0643 -1.1088
-0.482733 -16.0766 -1.09807
-0.519156 -16.0942 -1.08988
-0.555226 -16.1212 -1.08037
-0.593044 -16.155 -1.07534
-0.621329 -16.2065 -1.0742
-0.635357 -16.2713 -1.07229
-0.643811 -16.3336 -1.07406
-0.633264 -16.3854 -1.08116
-0.623701 -16.4196 -1.08549
-0.621497 -16.44 -1.08677
-0.627347 -16.4382 -1.09357
-0.644125 -16.4508 -1.0964
-0.660161 -16.4817 -1.1065
-0.674285 -16.5086 -1.11412
-0.688754 -16.5519 -1.11922
-0.694515 -16.5911 -1.12568
-0.702401 -16.6194 -1.12891
-0.718588 -16.6466 -1.12984
-0.73644 -16.6667 -1.13913
-0.757778 -16.687 -1.14537
-0.76933 -16.7078 -1.14833
-0.780969 -16.7484 -1.14909
-0.792936 -16.785 -1.14861
-0.799335 -16.8219 -1.14822
-0.804164 -16.8648 -1.14833
-0.811415 -16.9165 -1.14904
-0.799325 -16.9432 -1.14637
-0.785229 -16.9767 -1.14525
-0.767364 -16.9982 -1.14085
-0.763259 -17.0113 -1.13781
-0.760056 -17.0315 -1.13944
-0.761192 -17.0518 -1.1392
-0.772371 -17.0678 -1.13264
-0.786268 -17.0852 -1.13112
-0.808929 -17.1076 -1.13101
-0.834963 -17.1424 -1.1276
-0.84784 -17.1781 -1.12586
-0.869294 -17.2126 -1.12041
-0.893237 -17.252 -1.11682
-0.897007 -17.2661 -1.11402
-0.906902 -17.286 -1.10577
-0.913152 -17.3103 -1.09997
-0.932473 -17.3289 -1.09676
-0.957123 -17.3631 -1.0957
-0.980968 -17.4366 -1.0371
-0.987371 -17.4985 -0.995191
-0.987727 -17.5625 -0.960547
-0.983539 -17.6192 -0.938996
-0.984689 -17.6632 -0.929757
-0.972971 -17.6942 -0.924348
-0.972661 -17.7111 -0.920039
-0.984322 -17.7207 -0.947114
-1.00617 -17.737 -0.968289
-1.03011 -17.7654 -0.992657
-1.04966 -17.8127 -1.01151
-1.04782 -17.869 -1.02113
-1.0463 -17.9146 -1.02765
-1.04225 -17.9645 -1.02719
-1.03651 -17.9998 -1.02575
-1.03553 -18.0197 -1.02414
-1.02056 -18.0441 -1.02414
-1.0078 -18.0635 -1.01447
-1.00381 -18.0744 -1.0063
-1.00938 -18.0788 -1.00086
-1.01631 -18.0912 -0.99768
-1.02127 -18.1105 -1.00405
-1.03029 -18.1362 -1.00891
-1.03152 -18.1653 -1.01236
-1.02729 -18.1866 -1.02762
-1.03054 -18.1997 -1.03776
-1.03703 -18.2095 -1.04318
-1.05816 -18.1997 -1.05623
-1.062 -18.1946 -1.06486
-1.06222 -18.1882 -1.06911
-1.08459 -18.1884 -1.08216
-1.10467 -18.1924 -1.09068
-1.13366 -18.2011 -1.09612
-1.16989 -18.1974 -1.09964
-1.21109 -18.2351 -1.09493
-1.25541 -18.2653 -1.09242
-1.28522 -18.304 -1.08946
-1.30448 -18.3422 -1.08545
-1.33362 -18.3639 -1.08182
-1.38216 -18.3819 -1.08006
-1.4236 -18.4264 -1.07982
-1.44388 -18.477 -1.08101
-1.4727 -18.5285 -1.09128
-1.49111 -18.5829 -1.10125
-1.51037 -18.6256 -1.10826
-1.5249 -18.6665 -1.12394
-1.54251 -18.6846 -1.13305
-1.56893 -18.7019 -1.138
-1.60571 -18.734 -1.16915
-1.64827 -18.7582 -1.19084
-1.68893 -18.785 -1.20418
-1.71812 -18.8245 -1.22812
-1.74555 -18.8644 -1.24328
-1.78308 -18.8999 -1.25203
-1.82268 -18.9306 -1.26599
-1.8675 -18.9453 -1.27355
-1.91355 -18.9612 -1.27693
-1.94766 -18.9761 -1.2808
-1.99114 -18.9974 -1.28245
-2.02802 -19.0359 -1.28256
-2.074 -19.0935 -1.28117
-2.11256 -19.1693 -1.27491
-2.15396 -19.2507 -1.26982
-2.19497 -19.3356 -1.26578
-2.22794 -19.423 -1.26487
-2.24505 -19.5047 -1.2649
-2.25023 -19.5617 -1.26542
-2.23701 -19.5936 -1.20738
-2.23273 -19.6024 -1.16423
-2.25238 -19.6288 -1.1321
-2.27489 -19.6633 -1.09323
-2.31893 -19.7178 -1.06538
-2.35347 -19.7782 -1.05373
-2.39176 -19.8321 -1.04913
-2.40485 -19.8687 -1.04935
-2.41533 -19.8969 -1.05639
-2.44293 -19.9187 -1.0654
-2.47032 -19.9437 -1.0733
-2.51198 -19.9784 -1.08128
-2.55902 -20.0116 -1.08924
-2.59544 -20.0606 -1.09643
-2.63091 -20.1074 -1.12425
-2.66807 -20.1677 -1.1439
-2.69348 -20.2463 -1.16351
-2.73724 -20.3219 -1.17487
-2.76972 -20.3926 -1.17801
-2.78181 -20.457 -1.19571
-2.79962 -20.5263 -1.20447
-2.79197 -20.595 -1.2077
-2.80106 -20.6352 -1.21927
-2.82234 -20.6568 -1.22473
-2.8288 -20.6931 -1.22667
-2.82861 -20.7306 -1.22686
-2.84893 -20.7813 -1.22718
-2.85333 -20.8243 -1.22735
-2.84816 -20.8645 -1.22636
-2.86497 -20.87 -1.20911
-2.87974 -20.8614 -1.19779
-2.88397 -20.8854 -1.19116
-2.90101 -20.9213 -1.17055
-2.90937 -20.9549 -1.15603
-2.92608 -20.9801 -1.14665
-2.94475 -21.0111 -1.1337
-2.97002 -21.0553 -1.12627
-2.99124 -21.1079 -1.12325
-3.00979 -21.1458 -1.11887
-3.01987 -21.1742 -1.11623
-3.03429 -21.1937 -1.11397
-3.04207 -21.2181 -1.10909
-3.08143 -21.2564 -1.10616
-3.10801 -21.3176 -1.10488
-3.14053 -21.387 -1.09619
-3.16621 -21.4423 -1.09103
-3.17837 -21.4858 -1.08838
-3.1863 -21.5066 -1.08331
-3.20241 -21.5239 -1.0793
-3.22674 -21.5365 -1.07587
-3.26074 -21.5383 -1.07037
-3.28797 -21.5357 -1.06724
-3.32584 -21.539 -1.06551
-3.36336 -21.5628 -1.061
-3.40408 -21.5911 -1.05877
-3.44857 -21.6371 -1.05875
-3.49601 -21.6994 -1.0521
-3.53504 -21.7616 -1.05006
-3.55027 -21.826 -1.05303
-3.55178 -21.8828 -1.05561
-3.5512 -21.9204 -1.05658
-3.54986 -21.9435 -1.06335
-3.5576 -21.9515 -1.06588
-3.57686 -21.9684 -1.08734
-3.60071 -21.9982 -1.10095
-3.63309 -22.0324 -1.1089
-3.65294 -22.0594 -1.12637
-3.66483 -22.0803 -1.13709
-3.66985 -22.0979 -1.14317
-3.69542 -22.101 -1.14504
-3.72563 -22.1185 -1.14566
-3.75047 -22.1451 -1.14491
-3.78355 -22.1685 -1.14387
-3.81719 -22.2014 -1.13851
-3.8578 -22.2382 -1.13888
-3.89291 -22.2769 -1.1395
-3.91797 -22.318 -1.13617
-3.93259 -22.3477 -1.13941
-3.9485 -22.3576 -1.14282
-3.96059 -22.3737 -1.14613
-3.96941 -22.3802 -1.15141
-3.98209 -22.375 -1.15345
-3.99337 -22.3775 -1.15883
-3.9849 -22.3671 -1.16091
-3.97764 -22.3584 -1.16257
-3.96808 -22.3499 -1.16305
-3.95677 -22.329 -1.16229
-3.95659 -22.2997 -1.15679
-3.97611 -22.2924 -1.15375
-3.97459 -22.2936 -1.15116
-3.97449 -22.2859 -1.14664
-3.97585 -22.2785 -1.14395
-3.9838 -22.2773 -1.14261
-3.99154 -22.2837 -1.14217
-4.00669 -22.2936 -1.14249
-4.01788 -22.3163 -1.14287
-4.02088 -22.3179 -1.14726
-4.04346 -22.3299 -1.15
-4.06539 -22.3435 -1.15069
-4.10966 -22.3516 -1.1489
-4.14842 -22.3624 -1.14661
-4.19066 -22.3825 -1.14498
-4.22582 -22.3999 -1.14375
-4.25958 -22.4195 -1.14383
-4.29202 -22.4317 -1.13993
-4.3315 -22.4347 -1.13792
-4.38103 -22.4339 -1.13811
-4.42284 -22.4407 -1.12794
-4.47015 -22.4529 -1.12197
-4.52097 -22.473 -1.11841
-4.5696 -22.5032 -1.1117
-4.61371 -22.5326 -1.11145
-4.66353 -22.5711 -1.11199
-4.69884 -22.5999 -1.11282
-4.73515 -22.6239 -1.12163
-4.76845 -22.6454 -1.12636
-4.8002 -22.6715 -1.1283
-4.83897 -22.6944 -1.12913
-4.87475 -22.7195 -1.12947
-4.89958 -22.7395 -1.12858
-4.91506 -22.7436 -1.12715
-4.93696 -22.7436 -1.12623
-4.9717 -22.7391 -1.12623
-5.00899 -22.7384 -1.12771
-5.05147 -22.7432 -1.12538
-5.10609 -22.7525 -1.12337
-5.16724 -22.7648 -1.12155
-5.24016 -22.7871 -1.1202
-5.30005 -22.8205 -1.12385
-5.35039 -22.8613 -1.1274
-5.39574 -22.8909 -1.1268
-5.43258 -22.924 -1.12527
-5.46383 -22.9399 -1.12181
-5.50016 -22.9434 -1.11799
-5.53445 -22.9557 -1.12034
-5.58284 -22.9755 -1.11958
-5.61813 -23.008 -1.11981
-5.6274 -23.0329 -1.11953
-5.64255 -23.0394 -1.11403
-5.65904 -23.0296 -1.10975
-5.68407 -23.0215 -1.10712
-5.70835 -23.0152 -1.10159
-5.7338 -23.0068 -1.09843
-5.76212 -23.0005 -1.09667
-5.79541 -22.9997 -1.08772
-5.83105 -23.0019 -1.08154
-5.87035 -23.0094 -1.07843
-5.91412 -23.0252 -1.07765
-5.94411 -23.0437 -1.07838
-5.97622 -23.0603 -1.07726
-6.00955 -23.0723 -1.06713
-6.04167 -23.0767 -1.0598
-6.09469 -23.0695 -1.05548
-6.13703 -23.0925 -1.04996
-6.17756 -23.1149 -1.04709
-6.21303 -23.1278 -1.04546
-6.24936 -23.1348 -1.03474
-6.27851 -23.1234 -1.02872
-6.33134 -23.1067 -1.02528
-6.3774 -23.1158 -1.02121
-6.43089 -23.1282 -1.019
-6.48285 -23.1432 -1.01762
-6.53994 -23.1558 -1.00913
-6.60464 -23.1767 -1.00359
-6.66088 -23.2044 -1.00565
-6.72003 -23.2425 -1.00477
-6.76433 -23.2783 -1.00495
-6.81649 -23.3184 -1.00977
-6.85426 -23.3319 -1.01072
-6.88182 -23.3383 -1.01356
-6.91279 -23.3432 -1.01444
-6.95348 -23.3507 -1.01547
-7.00415 -23.3751 -1.02489
-7.04536 -23.4037 -1.03283
-7.091 -23.4353 -1.03366
-7.13207 -23.4622 -1.03188
-7.16411 -23.4704 -1.02978
-7.1985 -23.4712 -1.02864
-7.23214 -23.4865 -1.02836
-7.27829 -23.5069 -1.0293
-7.33589 -23.536 -1.01775
-7.39473 -23.5731 -1.00976
-7.43956 -23.6064 -1.00498
-7.4816 -23.6507 -0.995849
-7.52239 -23.6974 -0.990437
-7.53626 -23.7323 -0.985968
-7.55548 -23.7532 -0.976832
-7.57408 -23.7655 -0.968409
-7.60316 -23.7675 -0.96186
-7.61249 -23.7783 -0.955002
-7.63034 -23.7923 -0.951469
-7.65761 -23.8173 -0.946199
-7.68073 -23.8349 -0.945987
-7.68033 -23.8567 -0.948481
-7.68405 -23.8658 -0.934609
-7.70455 -23.8646 -0.927312
-7.73844 -23.8677 -0.925238
-7.78445 -23.8899 -0.905073
-7.81595 -23.9036 -0.904146
-7.85512 -23.9192 -0.904731
-7.89302 -23.9338 -0.905264
-7.95183 -23.9533 -0.909524
-7.99954 -23.9846 -0.912233
-8.04702 -24.0131 -0.913504
-8.07879 -24.0435 -0.935353
-8.11676 -24.0706 -0.949783
-8.13754 -24.0883 -0.95822
-8.15708 -24.1008 -1.00949
-8.18325 -24.1086 -1.04253
-8.20435 -24.1332 -1.06351
-8.22795 -24.1523 -1.10733
-8.24037 -24.1696 -1.13783
-8.23443 -24.1747 -1.15223
-8.21471 -24.171 -1.16055
-8.21248 -24.1534 -1.16332
-8.21413 -24.1488 -1.15147
-8.24317 -24.1581 -1.14192
-8.27816 -24.1802 -1.13499
-8.32603 -24.224 -1.12954
-8.37053 -24.2656 -1.12873
-8.41195 -24.32 -1.12788
-8.43587 -24.3819 -1.12581
-8.41701 -24.4027 -1.16577
-8.42093 -24.4305 -1.19436
-8.44366 -24.4713 -1.21358
-8.42638 -24.4848 -1.26428
-8.44479 -24.5279 -1.29888
-8.49175 -24.5877 -1.31663
-8.51604 -24.6427 -1.35435
-8.54846 -24.7083 -1.37573
-8.59931 -24.7894 -1.36289
-8.6566 -24.8655 -1.34893
-8.70965 -24.9249 -1.33592
-8.81931 -25.0056 -1.0505
-8.85916 -25.0387 -0.811884
-8.94639 -25.1084 -0.682861
-9.06697 -25.1943 -0.598974
-9.22815 -25.2891 -0.5894
-9.41326 -25.3966 -0.601666
-9.60458 -25.5167 -0.586913
-9.74974 -25.6194 -0.582737
-9.86905 -25.7098 -0.583548
-10.0056 -25.7959 -0.435715
-10.1557 -25.8857 -0.374849
-10.3173 -25.9759 -0.360441
-10.4871 -26.0685 -0.364274
-10.6503 -26.1652 -0.392524
-10.804 -26.2518 -0.406662
-10.8917 -26.3297 -0.412773
-10.9564 -26.3908 -0.413512
-11.0052 -26.4431 -0.41251
-11.0365 -26.4857 -0.410977
-11.0618 -26.5189 -0.410433
-11.1082 -26.5596 -0.410966
-11.1562 -26.5916 -0.471826
-11.1304 -26.5793 -0.497316
-11.0982 -26.5739 -0.500465
-11.0403 -26.5553 -0.518068
-11.0014 -26.5451 -0.523235
-10.9655 -26.5359 -0.522297
-10.8645 -26.5088 -0.663679
-10.8517 -26.5251 -0.702952
-10.8578 -26.5638 -0.709287
-10.8544 -26.5898 -0.704827
-10.8669 -26.5969 -0.691141
-10.8609 -26.6067 -0.684531
-10.8396 -26.6163 -0.636688
-10.7786 -26.6076 -0.616913
-10.7584 -26.5987 -0.612389
-10.7831 -26.6013 -0.599555
-10.8087 -26.6116 -0.596592
-10.811 -26.6167 -0.59794
-10.8169 -26.616 -0.60062
-10.824 -26.6096 -0.601724
-10.8439 -26.5906 -0.638409
-10.8862 -26.5825 -0.653109
-10.8948 -26.5783 -0.690928
-10.9071 -26.5849 -0.706448
-10.9087 -26.5985 -0.708594
-10.8815 -26.6144 -0.775337
-10.8515 -26.6268 -0.803976
-10.8284 -26.6215 -0.796313
-10.7945 -26.6146 -0.787088
-10.7665 -26.6023 -0.780976
-10.7504 -26.5935 -0.765024
-10.7256 -26.5935 -0.75837
-10.7882 -26.6036 -0.603874
-10.8463 -26.6087 -0.544921
-10.8943 -26.6094 -0.530401
-10.9428 -26.6007 -0.496212
-10.9906 -26.5872 -0.489339
-10.9913 -26.5764 -0.493513
-11.021 -26.5669 -0.497193
-11.0311 -26.5683 -0.501078
-11.0299 -26.5704 -0.52987
-11.0539 -26.5719 -0.542188
-11.0611 -26.5828 -0.552953
-11.0538 -26.5992 -0.555022
-11.0185 -26.6246 -0.553781
-10.974 -26.639 -0.66064
-10.9504 -26.639 -0.705802
-10.9519 -26.6364 -0.718491
-10.9691 -26.6485 -0.750849
-10.9662 -26.6635 -0.759025
-10.9489 -26.6779 -0.756985
-10.8953 -26.6997 -0.807032
-10.8117 -26.7294 -0.829101
-10.7491 -26.741 -0.834903
-10.7253 -26.7539 -0.834321
-10.7006 -26.7692 -0.832736
-10.7002 -26.7736 -0.831522
-10.7072 -26.7755 -0.86678
-10.7618 -26.7707 -0.882248
-10.8191 -26.774 -0.893925
-10.8459 -26.7971 -0.895705
-10.8002 -26.8485 -0.893144
-10.7506 -26.8874 -0.942176
-10.725 -26.9009 -0.963659
-10.7276 -26.8898 -0.969556
-10.8156 -26.8346 -0.975714
-10.8652 -26.7962 -0.975263
-10.8931 -26.7648 -0.972921
-10.8697 -26.7662 -0.985013
-10.8375 -26.7751 -0.982594
-10.8091 -26.7803 -0.981105
-10.7966 -26.7725 -0.981219
-10.8541 -26.7297 -0.968267
-10.9155 -26.6945 -0.962938
-10.9727 -26.6695 -0.961197
-11.0099 -26.6545 -0.960303
-11.0256 -26.6392 -0.988019
-11.0956 -26.604 -1.00067
-11.1223 -26.5869 -1.00408
-11.1629 -26.5537 -1.01764
-11.2006 -26.5203 -1.02199
-11.2628 -26.4731 -1.022
-11.3304 -26.4295 -1.04239
-11.4078 -26.3898 -1.0506
-11.4842 -26.3555 -1.06014
-11.5369 -26.3311 -1.06339
-11.5792 -26.3118 -1.06325
-11.594 -26.2982 -1.06902
-11.6215 -26.2666 -1.07066
-11.6696 -26.2203 -1.07108
-11.6994 -26.1908 -1.08595
-11.7382 -26.1622 -1.09237
-11.7651 -26.1441 -1.09375
-11.7814 -26.135 -1.09334
-11.799 -26.1273 -1.09241
-11.8042 -26.1276 -1.09126
-11.8029 -26.124 -1.08982
-11.8922 -26.0711 -0.861009
-11.9749 -26.0169 -0.7535
-12.0446 -25.9747 -0.725271
-12.1099 -25.9405 -0.729102
-12.1798 -25.909 -0.754573
-12.2361 -25.8841 -0.770867
-12.2796 -25.8609 -0.778247
-12.32 -25.8352 -0.79405
-12.3686 -25.8029 -0.799567
-12.4275 -25.7615 -0.801947
-12.4422 -25.7371 -0.877477
-12.4906 -25.7048 -0.884891
-12.5256 -25.6795 -0.881431
-12.5523 -25.6653 -0.875637
-12.5746 -25.662 -0.842764
-12.6017 -25.6602 -0.82832
-12.6154 -25.6665 -0.825111
-12.6649 -25.6631 -0.753411
-12.7083 -25.6435 -0.726236
-12.7462 -25.6251 -0.719621
-12.7759 -25.6064 -0.721351
-12.7897 -25.6018 -0.73146
-12.7945 -25.5981 -0.736767
-12.798 -25.5878 -0.739663
-12.806 -25.5632 -0.761993
-12.8248 -25.5305 -0.773616
-12.8543 -25.4943 -0.777424
-12.8353 -25.4672 -0.883825
-12.8269 -25.4412 -0.928721
-12.8204 -25.4109 -0.938072
-12.7787 -25.3852 -1.04863
-12.7621 -25.3637 -1.09157
-12.7439 -25.3497 -1.09895
-12.7042 -25.3386 -1.1149
-12.6503 -25.3301 -1.11693
-12.5993 -25.3122 -1.11414
-12.5654 -25.2695 -1.119
-12.5265 -25.2192 -1.12091
-12.4839 -25.17 -1.12783
-12.4353 -25.1262 -1.12979
-12.3887 -25.0813 -1.12959
-12.354 -25.0466 -1.12876
-12.3232 -25.0089 -1.12822
-12.3165 -24.9642 -1.12827
-12.2926 -24.9168 -1.12907
-12.2699 -24.8696 -1.12998
-12.2552 -24.8175 -1.10948
-12.2444 -24.7676 -1.09997
-12.2547 -24.7224 -1.08382
-12.2688 -24.6711 -1.07622
-12.2881 -24.6317 -1.07518
-12.3233 -24.5993 -1.06963
-12.3572 -24.576 -1.06893
-12.3557 -24.5601 -1.07008
-12.3595 -24.5505 -1.02926
-12.3747 -24.5294 -1.0097
-12.3929 -24.5015 -1.00493
-12.4668 -24.4727 -0.991621
-12.5667 -24.4541 -0.987933
-12.6502 -24.4395 -0.988381
-12.7462 -24.4281 -0.968039
-12.8529 -24.4195 -0.959738
-12.9296 -24.4005 -0.957963
-13.0318 -24.3777 -0.958226
-13.1161 -24.356 -0.959472
-13.2036 -24.3333 -0.960433
-13.2865 -24.313 -0.960682
-13.3701 -24.2953 -0.9676
-13.4452 -24.2855 -0.970276
-13.5325 -24.2798 -0.971089
-13.5961 -24.2732 -0.984748
-13.6304 -24.2663 -0.989774
-13.6903 -24.2525 -0.991239
-13.732 -24.2385 -0.998597
-13.767 -24.2288 -1.00111
-13.7944 -24.2242 -1.0016
-13.808 -24.2214 -1.00119
-13.8233 -24.2177 -1.00023
-13.8209 -24.2155 -0.99904
-13.8206 -24.2058 -0.998538
-13.8328 -24.1853 -0.999024
-13.8744 -24.1559 -1.00032
-13.9106 -24.1327 -1.00125
-13.9545 -24.1082 -0.994509
-13.9941 -24.0881 -0.990646
-14.0406 -24.0683 -0.996107
-14.0974 -24.0513 -0.999556
-14.1474 -24.04 -1.00792
-14.1874 -24.0316 -1.01154
-14.2176 -24.0285 -1.01172
-14.2273 -24.025 -1.01727
-14.2647 -24.0068 -1.01962
-14.2999 -23.9894 -1.01976
-14.3426 -23.9647 -1.02702
-14.3827 -23.9506 -1.02976
-14.4116 -23.9391 -1.03067
-14.4021 -23.9315 -1.03016
-14.3963 -23.9316 -1.0292
-14.4041 -23.9194 -1.02874
-14.4551 -23.9175 -1.02862
-14.5716 -23.9219 -1.00735
-14.6902 -23.918 -0.998743
-14.8253 -23.8988 -0.997204
-14.9872 -23.8796 -0.977616
-15.1142 -23.8722 -0.970094
-15.1966 -23.8789 -0.969114
-15.2636 -23.8868 -0.969425
-15.3075 -23.8978 -0.970357
-15.3386 -23.9044 -0.969948
-15.3576 -23.9001 -0.969717
-15.4035 -23.8828 -0.976784
-15.4493 -23.8689 -0.979811
-15.4915 -23.8578 -0.981206
-15.5348 -23.8523 -1.00346
-15.5492 -23.8641 -1.0128
-15.554 -23.8756 -1.0147
-15.5393 -23.8801 -1.03429
-15.5428 -23.8682 -1.04137
-15.5687 -23.8394 -1.04352
-15.5935 -23.8096 -1.06408
-15.642 -23.7778 -1.07183
-15.6791 -23.7547 -1.07346
-15.71 -23.7305 -1.10045
-15.742 -23.7114 -1.11222
-15.8034 -23.6957 -1.11469
-15.8241 -23.6934 -1.14194
-15.862 -23.6899 -1.15265
-15.9031 -23.684 -1.15373
-15.9325 -23.6779 -1.1798
-15.9839 -23.6621 -1.18925
-16.0172 -23.6488 -1.20532
-16.0659 -23.6328 -1.21129
-16.1069 -23.6219 -1.2047
-16.1672 -23.6024 -1.20083
-16.196 -23.5882 -1.19944
-16.2349 -23.5701 -1.18561
-16.268 -23.5515 -1.18003
-16.2709 -23.538 -1.17799
-16.3086 -23.5056 -1.164
-16.3403 -23.4756 -1.15864
-16.3863 -23.4432 -1.15763
-16.421 -23.4196 -1.14415
-16.4339 -23.4056 -1.13877
-16.4379 -23.4 -1.13779
-16.4347 -23.4025 -1.13186
-16.452 -23.4044 -1.12908
-16.4565 -23.4096 -1.12816
-16.4951 -23.3955 -1.12839
-16.5381 -23.3854 -1.12939
-16.5762 -23.3878 -1.12295
-16.5895 -23.4087 -1.12012
-16.5754 -23.4375 -1.11854
-16.5412 -23.4552 -1.11842
-16.53 -23.4535 -1.11888
-16.5449 -23.446 -1.12006
-16.5563 -23.4483 -1.121
-16.5717 -23.4419 -1.12116
-16.6344 -23.4038 -1.12055
-16.7067 -23.3597 -1.12031
-16.7786 -23.3215 -1.1206
-16.8268 -23.3082 -1.12084
-16.8656 -23.3025 -1.12057
-16.8759 -23.307 -1.13479
-16.8929 -23.3041 -1.14011
-16.8865 -23.3054 -1.14103
-16.9131 -23.2883 -1.15453
-16.9152 -23.2923 -1.1598
-16.9203 -23.2909 -1.16104
-16.9239 -23.2941 -1.16038
-16.9099 -23.3004 -1.15238
-16.9383 -23.2858 -1.14827
-16.9709 -23.2665 -1.13457
-17.0306 -23.2267 -1.13007
-17.0294 -23.2189 -1.12987
-17.0329 -23.2041 -1.11648
-17.0123 -23.1979 -1.11795
-17.0059 -23.1832 -1.11923
-17.0202 -23.1743 -1.11975
-17.0287 -23.1676 -1.13416
-17.059 -23.1487 -1.14087
-17.0818 -23.1375 -1.14205
-17.1089 -23.1162 -1.16267
-17.1189 -23.1007 -1.17059
-17.1352 -23.077 -1.17199
-17.1373 -23.0672 -1.1856
-17.1461 -23.067 -1.19085
-17.1643 -23.0687 -1.19115
-17.1735 -23.0724 -1.19733
-17.2014 -23.0571 -1.19957
-17.1996 -23.0565 -1.2004
-17.2007 -23.0562 -1.20063
-17.2127 -23.0406 -1.19381
-17.2475 -22.9985 -1.19107
-17.2794 -22.9614 -1.19027
-17.3108 -22.9263 -1.18284
-17.3356 -22.8951 -1.1869
-17.3702 -22.8639 -1.18905
-17.4104 -22.835 -1.18962
-17.4394 -22.8136 -1.18981
-17.492 -22.7654 -1.18987
-17.5367 -22.7255 -1.19011
-17.5754 -22.6952 -1.19019
-17.6195 -22.6735 -1.19013
-17.6388 -22.6885 -1.19011
-17.649 -22.7158 -1.18977
-17.6579 -22.7434 -1.18906
-17.6675 -22.763 -1.18872
-17.6818 -22.7686 -1.17456
-17.6942 -22.7741 -1.16895
-17.7004 -22.7796 -1.16805
-17.7362 -22.7456 -1.16872
-17.7661 -22.719 -1.16989
-17.7921 -22.6953 -1.17069
-17.8213 -22.6791 -1.17102
-17.8342 -22.6909 -1.17091
-17.8358 -22.7112 -1.17
-17.8451 -22.6979 -1.16903
-17.8638 -22.6671 -1.17615
-17.9143 -22.5997 -1.1797
-17.9653 -22.5502 -1.18107
-17.9999 -22.5276 -1.18109
-18.0274 -22.5076 -1.18068
-18.0301 -22.5037 -1.18084
-18.0129 -22.5236 -1.18139
-17.9989 -22.5354 -1.18134
-17.9926 -22.5376 -1.18091
-18.0215 -22.4789 -1.18071
-18.0693 -22.3998 -1.18035
-18.119 -22.3268 -1.17998
-18.1783 -22.2526 -1.17946
-18.2309 -22.1916 -1.17969
-18.277 -22.1511 -1.18747
-18.3164 -22.1261 -1.19026
-18.347 -22.1057 -1.19017
-18.3849 -22.0585 -1.18918
-18.4247 -21.9967 -1.18922
-18.4663 -21.938 -1.18977
-18.4964 -21.9233 -1.19031
-18.5165 -21.9297 -1.18987
-18.5245 -21.9518 -1.18915
-18.5251 -21.9737 -1.18922
-18.5196 -21.9902 -1.18977
-18.5251 -21.9854 -1.19044
-18.5325 -21.9815 -1.19093
-18.5484 -21.9572 -1.16973
-18.5755 -21.9007 -1.16818
-18.6016 -21.8546 -1.16867
-18.6226 -21.8233 -1.16956
-18.6412 -21.8145 -1.17722
-18.641 -21.8221 -1.18076
-18.6607 -21.7917 -1.18091
-18.6927 -21.7311 -1.18749
-18.7292 -21.6768 -1.18998
-18.7751 -21.6179 -1.19048
-18.7988 -21.6106 -1.20506
-18.8102 -21.6263 -1.21096
-18.8208 -21.652 -1.212
-18.8288 -21.6713 -1.21117
-18.8216 -21.6973 -1.21054
-18.8409 -21.6659 -1.21068
-18.8623 -21.6043 -1.20384
-18.9097 -21.4903 -1.20117
-18.9607 -21.3767 -1.20039
-18.9999 -21.283 -1.2003
-19.0405 -21.2014 -1.20038
-19.0694 -21.1682 -1.20818
-19.1076 -21.1305 -1.21057
-19.1485 -21.0579 -1.21778
-19.1874 -20.9779 -1.22027
-19.2245 -20.8931 -1.22065
-19.2617 -20.8423 -1.22756
-19.2928 -20.8098 -1.22913
-19.318 -20.7819 -1.22866
-19.3219 -20.7734 -1.23682
-19.3178 -20.7598 -1.2328
-19.3111 -20.7268 -1.23064
-19.3164 -20.6541 -1.22257
-19.3274 -20.5727 -1.22016
-19.3384 -20.5095 -1.21949
-19.3518 -20.4557 -1.21941
-19.3701 -20.4236 -1.21976
-19.3925 -20.384 -1.22026
-19.424 -20.3272 -1.21975
-19.4586 -20.2444 -1.21941
-19.4867 -20.1731 -1.21925
-19.5052 -20.1142 -1.219
-19.4893 -20.1533 -1.22591
-19.4909 -20.1638 -1.22051
-19.4735 -20.195 -1.22638
-19.4591 -20.2066 -1.22232
-19.4569 -20.1775 -1.22128
-19.4575 -20.1475 -1.22141
-19.4783 -20.0778 -1.18491
-19.4937 -20.0161 -1.16953
-19.5044 -19.9799 -1.16572
-19.5192 -19.9487 -1.16691
-19.5301 -19.9366 -1.16843
-19.5529 -19.9136 -1.16196
-19.5705 -19.8973 -1.15933
-19.5758 -19.8926 -1.15811
-19.5912 -19.843 -1.15765
-19.6018 -19.8073 -1.15758
-19.6176 -19.7548 -1.15796
-19.6416 -19.7001 -1.15149
-19.6449 -19.6802 -1.14977
-19.6455 -19.6503 -1.14973
-19.6533 -19.594 -1.13594
-19.6504 -19.5761 -1.13058
-19.6469 -19.5328 -1.12925
-19.654 -19.4794 -1.12891
-19.6664 -19.4401 -1.12866
-19.6666 -19.4297 -1.12958
-19.6699 -19.4329 -1.14393
-19.6688 -19.4279 -1.1492
-19.6809 -19.3798 -1.15071
-19.6765 -19.3496 -1.15856
-19.667 -19.3196 -1.16125
-19.6428 -19.3736 -1.16125
-19.6215 -19.4471 -1.16792
-19.6103 -19.5562 -1.16285
-19.6073 -19.6087 -1.16732
-19.6407 -19.5824 -1.16898
-19.6235 -19.5549 -1.16978
-19.6435 -19.3888 -1.16912
-19.6865 -19.2169 -1.16819
-19.7396 -19.0044 -1.16836
-19.7922 -18.8308 -1.16879
-19.8019 -18.785 -1.16914
-19.8119 -18.7562 -1.16964
-19.8045 -18.773 -1.16987
-19.7891 -18.755 -1.15581
-19.7768 -18.7086 -1.15049
-19.7792 -18.6455 -1.15026
-19.8126 -18.5777 -1.11583
-19.8379 -18.5609 -1.10243
-19.8657 -18.552 -1.09926
-19.8903 -18.5824 -1.09984
-19.9112 -18.598 -1.1078
-19.9289 -18.5955 -1.11134
-19.9533 -18.5817 -1.11181
-19.9745 -18.5577 -1.16157
-19.9986 -18.5257 -1.18058
-20.0119 -18.485 -1.18362
-20.0247 -18.4597 -1.2255
-20.0443 -18.4484 -1.24158
-20.0592 -18.4207 -1.24428
-20.0688 -18.423 -1.24988
-20.074 -18.4232 -1.24411
-20.0793 -18.3902 -1.24048
-20.0771 -18.3833 -1.23874
-20.0718 -18.3826 -1.23835
-20.0697 -18.3898 -1.23841
-20.0711 -18.4031 -1.23929
-20.0724 -18.398 -1.21151
-20.071 -18.3683 -1.20073
-20.0723 -18.3001 -1.17676
-20.0718 -18.2308 -1.17555
-20.0773 -18.1749 -1.17672
-20.0847 -18.1219 -1.17755
-20.0929 -18.0731 -1.19279
-20.1084 -18.0303 -1.1988
-20.1189 -18.0081 -1.19263
-20.1179 -17.9782 -1.18898
-20.106 -17.9171 -1.18772
-20.1007 -17.891 -1.18743
-20.1003 -17.8324 -1.1882
-20.0993 -17.7997 -1.18883
-20.0951 -17.7896 -1.16037
-20.0812 -17.8218 -1.14786
-20.0569 -17.871 -1.11613
-20.0367 -17.8733 -1.106
-20.0109 -17.8367 -1.10691
-20.003 -17.8022 -1.03773
-19.9983 -17.759 -1.03045
-20.0092 -17.7193 -1.03187
-20.0231 -17.7058 -1.03524
-20.0424 -17.7118 -1.07431
-20.0717 -17.7332 -1.09135
-20.0958 -17.748 -1.09564
-20.1044 -17.7825 -1.12459
-20.1103 -17.8199 -1.13417
-20.1208 -17.8571 -1.14918
-20.1383 -17.9073 -1.15266
-20.1439 -17.9409 -1.15162
-20.1423 -17.9592 -1.15012
-20.1474 -17.9948 -1.14916
-20.1565 -18.0707 -1.1414
-20.1646 -18.1465 -1.13832
-20.1609 -18.2024 -1.13085
-20.1381 -18.2519 -1.12867
-20.1065 -18.2396 -1.12882
-20.0822 -18.2108 -1.08636
-20.0569 -18.2238 -1.06893
-20.0289 -18.2444 -1.06569
-20.0103 -18.2698 -1.05326
-19.9961 -18.3158 -1.04927
-19.9862 -18.323 -1.04903
-19.9738 -18.2683 -1.0497
-19.96 -18.2635 -1.04949
-19.9468 -18.2145 -1.0495
-19.9353 -18.1978 -1.04894
-19.9131 -18.2062 -1.06262
-19.8905 -18.2206 -1.05415
-19.8674 -18.1788 -1.05005
-19.8406 -18.0464 -1.0496
-19.8208 -17.6881 -0.94131
-19.7926 -17.4548 -0.896183
-19.776 -17.1864 -0.740801
-19.7487 -17.0392 -0.682685
-19.7294 -16.906 -0.680791
-19.7275 -16.7817 -0.692212
-19.7379 -16.6823 -0.702578
-19.7395 -16.5708 -0.708593
-19.7404 -16.4239 -0.638572
-19.7364 -16.2764 -0.608265
-19.7342 -16.1253 -0.60066
-19.7576 -15.8986 -0.480691
-19.7698 -15.7157 -0.432436
-19.7825 -15.5404 -0.421959
-19.7982 -15.38 -0.425537
-19.8109 -15.241 -0.439244
-19.8166 -15.1083 -0.446644
-19.8198 -14.9727 -0.449621
-19.8224 -14.8386 -0.472072
-19.8267 -14.6968 -0.481115
-19.844 -14.5478 -0.48395
-19.8559 -14.4534 -0.547364
-19.8771 -14.3685 -0.572054
-19.8946 -14.3148 -0.653343
-19.9166 -14.2428 -0.689741
-19.9379 -14.1632 -0.697081
-19.9414 -14.1425 -0.786099
-19.9577 -14.027 -0.829546
-19.9632 -13.9336 -0.837748
-19.9628 -13.9165 -1.02923
-19.9689 -13.8734 -1.11089
-19.9681 -13.8403 -1.13157
-19.9679 -13.829 -1.12609
-19.967 -13.7726 -1.11494
-19.9513 -13.7071 -1.09951
-19.9349 -13.5907 -1.09229
-19.9154 -13.4583 -1.0902
-19.8951 -13.3254 -1.08993
-19.881 -13.1987 -1.08957
-19.8711 -13.0742 -1.08951
-19.8606 -12.9716 -1.08996
-19.8554 -12.8775 -1.10501
-19.8579 -12.7758 -1.11023
-19.8602 -12.7068 -1.11992
-19.8584 -12.6116 -1.12284
-19.8583 -12.538 -1.12211
-19.8483 -12.4693 -1.12054
-19.8322 -12.376 -1.11904
-19.8213 -12.2659 -1.11807
-19.8182 -12.1534 -1.1395
-19.8246 -12.0155 -1.14848
-19.8329 -11.9063 -1.17267
-19.8411 -11.823 -1.18191
-19.8464 -11.7475 -1.1758
-19.8516 -11.7027 -1.17269
-19.8473 -11.6533 -1.17073
-19.8308 -11.6039 -1.16326
-19.8117 -11.5723 -1.1607
-19.7933 -11.5246 -1.15958
-19.7806 -11.4739 -1.15906
-19.7732 -11.395 -1.15887
-19.7673 -11.2884 -1.15934
-19.7915 -11.2128 -1.15962
-19.8325 -11.1599 -1.15967
-19.8796 -11.1173 -1.16015
-19.9246 -11.0697 -1.16049
-19.9499 -10.9962 -1.15892
-19.9612 -10.9236 -1.15848
-19.9367 -10.8417 -1.15923
-19.9135 -10.7766 -1.15245
-19.9074 -10.7586 -1.14969
-19.9045 -10.7579 -1.14873
-19.8889 -10.7412 -1.1409
-19.8539 -10.7311 -1.13846
-19.7947 -10.6972 -1.13929
-19.7311 -10.6295 -1.13389
-19.6784 -10.5655 -1.13176
-19.6344 -10.5186 -1.13775
-19.6003 -10.4755 -1.14026
-19.5766 -10.4341 -1.14073
-19.5625 -10.3988 -1.15417
-19.5555 -10.3566 -1.1596
-19.5439 -10.3396 -1.1605
-19.5235 -10.3102 -1.16734
-19.4961 -10.2499 -1.16966
-19.465 -10.1652 -1.17727
-19.4414 -10.0689 -1.18034
-19.4375 -10.0412 -1.18154
-19.4314 -10.0462 -1.19567
-19.4205 -10.0733 -1.20077
-19.4023 -10.0634 -1.20135
-19.3714 -10.0373 -1.2009
-19.3269 -9.96577 -1.20135
-19.2794 -9.86987 -1.20124
-19.2555 -9.8146 -1.20068
-19.2318 -9.76143 -1.19303
-19.2205 -9.72349 -1.18959
-19.2201 -9.69636 -1.19527
-19.2329 -9.67709 -1.19888
-19.2596 -9.70005 -1.19984
-19.2523 -9.64654 -1.19875
-19.244 -9.61443 -1.19805
-19.2269 -9.59488 -1.19843
-19.1943 -9.53725 -1.17741
-19.1511 -9.47246 -1.16892
-19.1427 -9.43486 -1.16731
-19.1569 -9.40605 -1.1178
-19.1677 -9.37791 -1.0972
-19.1766 -9.33236 -1.09974
-19.1844 -9.29907 -1.09709
-19.1882 -9.26175 -1.09784
-19.1883 -9.20565 -1.09996
-19.1917 -9.16098 -1.10098
-19.1931 -9.10695 -1.10086
-19.1973 -9.05434 -1.10081
-19.2078 -8.98235 -1.10088
-19.2221 -8.89335 -1.10125
-19.2665 -8.7914 -1.10179
-19.3131 -8.7322 -1.10195
-19.3402 -8.70172 -1.10119
-19.3527 -8.67523 -1.10082
-19.3637 -8.61512 -1.1366
-19.3616 -8.56644 -1.15139
-19.3624 -8.52587 -1.15483
-19.3729 -8.50478 -1.1691
-19.4062 -8.4906 -1.1738
-19.4196 -8.39188 -1.17309
-19.4096 -8.19741 -1.17876
-19.411 -8.10099 -1.18102
-19.4028 -8.0383 -1.18151
-19.3983 -7.99097 -1.18136
-19.4008 -7.9532 -1.18032
-19.3948 -7.90271 -1.20117
-19.4081 -7.86764 -1.20934
-19.4235 -7.77993 -1.21071
-19.4451 -7.72362 -1.24643
-19.4693 -7.64956 -1.26038
-19.4967 -7.63516 -1.26385
-19.5028 -7.62916 -1.26338
-19.5087 -7.65916 -1.26245
-19.5262 -7.62358 -1.26112
-19.5436 -7.59225 -1.25942
-19.5582 -7.56074 -1.25146
-19.5714 -7.51234 -1.24849
-19.5924 -7.45253 -1.24835
-19.6346 -7.40098 -1.24225
-19.6585 -7.32484 -1.23909
-19.7077 -7.28873 -1.22453
-19.7371 -7.2488 -1.21914
-19.7522 -7.21264 -1.2189
-19.7646 -7.16954 -1.22007
-19.7615 -7.09532 -1.22094
-19.774 -7.04503 -1.22065
-19.7766 -6.97783 -1.21969
-19.7836 -6.89871 -1.21899
-19.8026 -6.85075 -1.23307
-19.8038 -6.7925 -1.23894
-19.7823 -6.7365 -1.24126
-19.7689 -6.69914 -1.24851
-19.756 -6.66682 -1.25063
-19.7522 -6.63423 -1.2506
-19.7531 -6.5837 -1.25735
-19.7619 -6.54252 -1.25236
-19.7695 -6.49852 -1.25651
-19.7672 -6.46117 -1.2592
-19.7613 -6.41405 -1.25389
-19.741 -6.36085 -1.25183
-19.7179 -6.31141 -1.25161
-19.6925 -6.26492 -1.24438
-19.6734 -6.24315 -1.24786
-19.6605 -6.19381 -1.24974
-19.6576 -6.15099 -1.25016
-19.6678 -6.10709 -1.27188
-19.6801 -6.06018 -1.28007
-19.689 -6.01728 -1.28251
-19.6956 -5.97105 -1.28917
-19.6882 -5.93358 -1.29098
-19.6846 -5.90669 -1.29783
-19.6895 -5.87457 -1.30044
-19.697 -5.86729 -1.30045
-19.7014 -5.85869 -1.29981
-19.7041 -5.82179 -1.30589
-19.7032 -5.79907 -1.30232
-19.6982 -5.74894 -1.30024
-19.6759 -5.6742 -1.30005
-19.6482 -5.59393 -1.28033
-19.6206 -5.52382 -1.27146
-19.5983 -5.46785 -1.26864
-19.5818 -5.39895 -1.25591
-19.5699 -5.35268 -1.25032
-19.5614 -5.30693 -1.24976
-19.5733 -5.28229 -1.17928
-19.5851 -5.25053 -1.14735
-19.576 -5.17972 -1.13899
-19.5565 -5.09468 -1.11172
-19.5424 -5.0549 -1.13143
-19.5412 -5.02889 -1.14274
-19.5415 -5.00079 -1.1263
-19.5383 -4.96925 -1.13385
-19.5429 -4.95777 -1.1379
-19.533 -4.95805 -1.15395
-19.5207 -4.93192 -1.1602
-19.4933 -4.8451 -1.16268
-19.4718 -4.81246 -1.23549
-19.4449 -4.74292 -1.26541
-19.4202 -4.70548 -1.27134
-19.3942 -4.67494 -1.27574
-19.3729 -4.63143 -1.27479
-19.3648 -4.58639 -1.27291
-19.3601 -4.52167 -1.28566
-19.3587 -4.48994 -1.27812
-19.3496 -4.48265 -1.28827
-19.3452 -4.49818 -1.29258
-19.342 -4.52597 -1.29312
-19.336 -4.54223 -1.31377
-19.3395 -4.55721 -1.32109
-19.3467 -4.56421 -1.32239
-19.3393 -4.56657 -1.351
-19.3247 -4.55446 -1.36236
-19.2992 -4.54487 -1.36483
-19.268 -4.53828 -1.37854
-19.2328 -4.50971 -1.38389
-19.1831 -4.47261 -1.38484
-19.1331 -4.43865 -1.39093
-19.0872 -4.40335 -1.39224
-19.0501 -4.36137 -1.39166
-19.0223 -4.33518 -1.44194
-19.0153 -4.30447 -1.46203
-19.0085 -4.28455 -1.50095
-19.0073 -4.26015 -1.5161
-19.0018 -4.22027 -1.51722
-18.9915 -4.18816 -1.53559
-18.9836 -4.157 -1.54401
-18.9746 -4.14099 -1.54508
-18.9626 -4.12675 -1.55804
-18.9503 -4.11048 -1.56242
-18.9386 -4.09222 -1.56265
-18.9321 -4.08489 -1.5687
-18.9345 -4.09516 -1.57086
-18.9481 -4.10978 -1.5712
-18.9451 -4.10716 -1.59215
-18.944 -4.10316 -1.60032
-18.9255 -4.06665 -1.60234
-18.9091 -4.02873 -1.60881
-18.8787 -3.96308 -1.61088
-18.8447 -3.88947 -1.61181
-18.831 -3.84035 -1.62685
-18.8129 -3.78406 -1.63256
-18.8095 -3.75028 -1.64121
-18.7968 -3.70568 -1.64382
-18.777 -3.66144 -1.64311
-18.7828 -3.66771 -1.66973
-18.805 -3.71012 -1.67962
-18.8568 -3.77168 -1.68193
-18.9027 -3.80443 -1.68875
-18.9188 -3.76358 -1.69055
-18.9037 -3.68121 -1.69021
-18.901 -3.5963 -1.68963
-18.9642 -3.57806 -1.68889
-19.0753 -3.60007 -1.68822
-19.1722 -3.59599 -1.68859
-19.2854 -3.61088 -1.66706
-19.3559 -3.59602 -1.65814
-19.3101 -3.49347 -1.65679
-19.13 -3.30235 -1.63018
-18.9423 -3.1088 -1.62086
-18.8321 -3.00604 -1.61938
-18.7111 -2.9121 -1.59107
-18.5888 -2.83007 -1.58593
-18.4625 -2.75514 -1.58609
-18.3389 -2.68123 -1.57931
-18.2303 -2.6242 -1.57664
-18.127 -2.57594 -1.55457
-18.0307 -2.53816 -1.54521
-17.9515 -2.5192 -1.54307
-17.8726 -2.50199 -1.51483
-17.788 -2.46667 -1.50428
-17.7164 -2.42187 -1.50368
-17.6685 -2.37901 -1.48599
-17.6554 -2.36489 -1.47965
-17.6617 -2.35525 -1.4785
-17.6852 -2.36427 -1.42845
-17.7084 -2.36146 -1.40968
-17.7326 -2.34625 -1.40443
-17.7036 -2.26423 -1.35735
-17.6782 -2.19107 -1.33732
-17.6549 -2.11965 -1.33298
-17.6373 -2.04816 -1.31963
-17.6229 -1.98907 -1.32857
-17.5985 -1.91102 -1.33432
-17.5993 -1.85634 -1.32384
-17.563 -1.77884 -1.31764
-17.5173 -1.71477 -1.31603
-17.4354 -1.63648 -1.29611
-17.3674 -1.57682 -1.28765
-17.3128 -1.54507 -1.28462
-17.2788 -1.53742 -1.26536
-17.2489 -1.54304 -1.25526
-17.2278 -1.56454 -1.25298
-17.1879 -1.56662 -1.21833
-17.1391 -1.5603 -1.20531
-17.0935 -1.5451 -1.20423
-17.0777 -1.54691 -1.14304
-17.0782 -1.56316 -1.1179
-17.0972 -1.60154 -1.11265
-17.0626 -1.61109 -1.08625
-17.0307 -1.62359 -1.07713
-17.0009 -1.62906 -1.06162
-16.9606 -1.61962 -1.05734
-16.9187 -1.58724 -1.05745
-16.8953 -1.58865 -1.0579
-16.8938 -1.60019 -1.05814
-16.8854 -1.60009 -1.05923
-16.8657 -1.57224 -1.06014
-16.8664 -1.56467 -1.06118
-16.8515 -1.55433 -1.06793
-16.8251 -1.53048 -1.06973
-16.8179 -1.52948 -1.08388
-16.7842 -1.4929 -1.08956
-16.7875 -1.49257 -1.09126
-16.7752 -1.48588 -1.09195
-16.7719 -1.49702 -1.09214
-16.7586 -1.51296 -1.09111
-16.7389 -1.52725 -1.09003
-16.729 -1.54869 -1.08892
-16.6997 -1.52997 -1.08825
-16.6697 -1.49358 -1.08878
-16.6397 -1.44516 -1.09039
-16.5974 -1.36351 -1.09159
-16.5913 -1.31897 -1.09269
-16.5436 -1.18047 -1.09053
-16.5345 -1.14003 -1.09056
-16.5064 -1.11189 -1.09049
-16.4739 -1.07957 -1.09042
-16.4879 -1.10447 -1.11155
-16.4866 -1.11997 -1.12018
-16.4859 -1.15038 -1.12254
-16.4305 -1.12879 -1.12283
-16.3901 -1.0922 -1.11474
-16.2894 -0.992952 -1.11128
-16.2051 -0.894686 -1.10893
-16.1503 -0.823036 -1.10754
-15.831 -0.840944 -1.11992
-15.833 0.00183452 -0.98044
-16.2071 -0.00923506 -0.958506
-16.4966 -0.100836 -0.959109
-16.6587 -0.21948 -0.975165
-16.6844 -0.294737 -0.984942
-16.7701 -0.394166 -0.997438
-16.8762 -0.436685 -1.00246
-16.9579 -0.459097 -1.00271
-17.0284 -0.463618 -1.00925
-17.0599 -0.43895 -1.01343
-17.0974 -0.430774 -1.01297
-17.0883 -0.409267 -1.02766
-17.1301 -0.418605 -1.03262
-17.1923 -0.443043 -1.04824
-17.2307 -0.45698 -1.05401
-17.2522 -0.461446 -1.05451
-17.2469 -0.443405 -1.07498
-17.2214 -0.40175 -1.08292
-17.1993 -0.360189 -1.08397
-17.1518 -0.316786 -1.1051
-17.0828 -0.264963 -1.1129
-17.0624 -0.248309 -1.11299
-17.0575 -0.251518 -1.1328
-17.0622 -0.253757 -1.13961
-17.0537 -0.261564 -1.14056
-17.0553 -0.26941 -1.13948
-17.0777 -0.278886 -1.13838
-17.1012 -0.288228 -1.13846
-17.1198 -0.295045 -1.11829
-17.1249 -0.300054 -1.1108
-17.1036 -0.30151 -1.10977
-17.0575 -0.298135 -1.05972
-17.0226 -0.298438 -1.04003
-16.9889 -0.301061 -1.04104
-16.9786 -0.304487 -1.04574
-16.9671 -0.309521 -1.0491
-16.9579 -0.317669 -1.0505
-16.9432 -0.329915 -1.04962
-16.9252 -0.344996 -1.04916
-16.4468 -0.88316 -1.05994
-16.3012 -1.08854 -1.11953
-16.2676 -1.20808 -1.14528
-16.324 -1.34563 -1.15087
-16.3604 -1.48102 -1.14974
-16.244 -1.49455 -1.14638
-16.096 -1.46964 -1.16858
-15.9684 -1.43421 -1.17915
-15.8041 -1.34336 -1.18144
-15.6481 -1.22794 -1.19514
-15.2792 -1.03599 -1.19373
-15.016 -0.909751 -1.19206
-14.8343 -0.842478 -1.19824
-14.7072 -0.786911 -1.20011
-14.5804 -0.724431 -1.1998
-14.4475 -0.643518 -1.20744
-14.2776 -0.521011 -1.21174
-14.0641 -0.357898 -1.21346
-13.8771 -0.206941 -1.21301
-13.6735 -0.070721 -1.21132
-13.5413 0.0447346 -1.23859
-13.4315 0.134585 -1.24874
-13.3421 0.221697 -1.2503
-13.1233 0.353711 -1.30273
-13.0108 0.425962 -1.32851
-12.8576 0.489082 -1.32612
-12.7944 0.516775 -1.32477
-12.7569 0.516898 -1.29398
-12.6427 0.540704 -1.2797
-12.5722 0.540149 -1.27626
-12.3332 0.599571 -1.22414
-12.1842 0.63482 -1.19782
-12.0828 0.659218 -1.19211
-12.0177 0.683152 -1.18056
-11.9329 0.721059 -1.1767
-11.8382 0.747018 -1.17648
-11.7079 0.777985 -1.17027
-11.6027 0.785019 -1.16859
-11.4534 0.810579 -1.16842
-11.3789 0.81082 -1.14688
-11.3378 0.795626 -1.13896
-11.2647 0.801732 -1.13685
-11.2156 0.79698 -1.12505
-11.1578 0.800748 -1.12056
-11.0829 0.81592 -1.11948
-10.9898 0.854231 -1.11875
-10.892 0.906927 -1.11799
-10.7888 0.967337 -1.11826
-10.6559 1.05878 -1.11817
-10.5088 1.14401 -1.11912
-10.4023 1.19451 -1.12003
-10.2309 1.27013 -1.10576
-10.0948 1.31929 -1.09978
-9.90888 1.38926 -1.09709
-9.76654 1.44017 -1.09604
-9.64404 1.47689 -1.09589
-9.53361 1.50801 -1.09573
-9.43131 1.53411 -1.097
-9.32512 1.55844 -1.09904
-9.2349 1.56213 -1.06526
-9.13297 1.57471 -1.0501
-9.06906 1.56964 -1.04737
-9.01493 1.56513 -1.01442
-8.95905 1.57487 -1.00044
-8.91451 1.58573 -0.998143
-8.86281 1.61003 -0.998971
-8.80283 1.65114 -1.00087
-8.73147 1.70232 -1.00212
-8.60138 1.78028 -1.00069
-8.52095 1.84576 -0.998551
-8.56229 1.87166 -1.01101
-8.55659 1.9362 -1.01727
-8.56093 1.99498 -1.02008
-8.59013 2.01084 -1.03416
-8.57936 2.01355 -1.03882
-8.49581 2.03631 -1.0406
-8.4296 2.04588 -1.05607
-8.35498 2.06649 -1.06246
-8.30632 2.0898 -1.06461
-8.28646 2.10833 -1.07072
-8.25628 2.14049 -1.07199
-8.23171 2.17643 -1.07111
-8.17578 2.23296 -1.09822
-8.08372 2.32156 -1.11033
-8.0762 2.3677 -1.11534
-8.06683 2.39405 -1.1348
-8.04127 2.41641 -1.14312
-8.01332 2.42376 -1.14418
-7.9238 2.45322 -1.16331
-7.81367 2.49818 -1.1715
-7.72509 2.53341 -1.17339
-7.66019 2.56323 -1.19356
-7.66208 2.55788 -1.20055
-7.66608 2.55391 -1.20226
-7.67529 2.54549 -1.20829
-7.67378 2.54176 -1.20239
-7.66267 2.54843 -1.19986
-7.59361 2.57749 -1.19951
-7.37631 2.67184 -1.17295
-7.23158 2.73867 -1.16055
-7.14857 2.78351 -1.1567
-7.07061 2.83263 -1.15649
-7.01376 2.88262 -1.158
-6.97435 2.92327 -1.15945
-6.9405 2.95615 -1.15169
-6.90438 2.98318 -1.14748
-6.86018 3.01123 -1.14624
-6.77401 3.05206 -1.14025
-6.69098 3.10565 -1.13829
-6.61339 3.16257 -1.1388
-6.55991 3.22099 -1.12603
-6.53576 3.27518 -1.12016
-6.52559 3.32804 -1.11809
-6.59133 3.33663 -1.08525
-6.60913 3.3782 -1.06772
-6.62577 3.40324 -1.06393
-6.61619 3.42904 -1.04402
-6.59399 3.43357 -1.0374
-6.5609 3.44671 -1.03666
-6.51212 3.48176 -1.02395
-6.47612 3.51752 -1.01843
-6.44008 3.56289 -1.01752
-6.43114 3.61444 -1.00505
-6.42401 3.66416 -1.0003
-6.41145 3.71111 -0.999274
-6.39971 3.74518 -0.992152
-6.38295 3.76627 -0.996157
-6.38276 3.79516 -0.998197
-6.37358 3.79467 -0.999118
-6.36271 3.80063 -0.999641
-6.33378 3.80058 -1.00016
-6.29186 3.79798 -1.00083
-6.23946 3.80813 -1.00155
-6.1888 3.82239 -1.00167
-6.12966 3.84028 -1.00167
-6.07053 3.86831 -1.00872
-6.02073 3.89169 -1.01102
-5.98406 3.91828 -1.01095
-5.93746 3.97231 -1.03767
-5.92172 3.9977 -1.04936
-5.90082 4.01338 -1.0522
-5.88131 4.01507 -1.05174
-5.85285 4.01116 -1.05064
-5.80904 4.01901 -1.04984
-5.77191 4.04173 -1.05008
-5.77955 4.06081 -1.03059
-5.758 4.06987 -1.02172
-5.74321 4.07147 -1.01907
-5.72669 4.05128 -1.01884
-5.65913 4.07024 -1.01964
-5.579 4.09725 -1.02698
-5.48023 4.11899 -1.02942
-5.38311 4.13362 -1.02997
-5.32624 4.13395 -1.0648
-5.26517 4.1414 -1.08009
-5.24589 4.13909 -1.11181
-5.26032 4.13261 -1.12314
-5.27043 4.12089 -1.12596
-5.29905 4.10632 -1.12474
-5.34061 4.08528 -1.12258
-5.32022 4.07929 -1.1062
-5.29586 4.07051 -1.09997
-5.23754 4.07377 -1.09786
-5.17094 4.08616 -1.09071
-5.19929 4.09858 -1.09529
-5.24539 4.11142 -1.09743
-5.31329 4.11236 -1.09046
-5.36391 4.10445 -1.09441
-5.42686 4.07657 -1.09731
-5.49636 4.04215 -1.09175
-5.61332 4.00006 -1.08874
-5.71091 3.95814 -1.0884
-5.74311 3.9341 -1.06224
-5.78367 3.91558 -1.04988
-5.75719 3.91928 -1.0191
-5.74254 3.92285 -1.00787
-5.73948 3.92021 -1.00518
-5.73109 3.91697 -1.0059
-5.72191 3.90773 -1.00777
-5.69287 3.89789 -1.00917
-5.65783 3.88545 -1.0104
-5.59395 3.88747 -1.01115
-5.57155 3.89831 -1.01826
-5.55539 3.92248 -1.02091
-5.59689 3.94305 -1.02045
-5.60286 3.95904 -1.02667
-5.61239 3.96424 -1.02885
-5.61233 3.95601 -1.02955
-5.58641 3.93935 -1.03716
-5.55848 3.91937 -1.0408
-5.51885 3.895 -1.0418
-5.51679 3.86816 -1.04118
-5.49053 3.84265 -1.03369
-5.46373 3.82054 -1.03015
-5.44306 3.79493 -1.03032
-5.39098 3.77281 -1.01082
-5.34279 3.74475 -1.00188
-5.23499 3.71247 -0.999937
-5.15816 3.68873 -0.999533
-5.10211 3.67038 -0.999304
-5.05928 3.66964 -0.998894
-5.00798 3.68285 -0.999171
-4.9311 3.70244 -0.999625
-4.88654 3.71669 -1.00809
-4.79353 3.71735 -1.01102
-4.73145 3.71249 -1.01863
-4.65453 3.69832 -1.02113
-4.59851 3.69063 -1.02074
-4.57183 3.68981 -1.02029
-4.53653 3.68597 -1.01976
-4.49469 3.68152 -1.01942
-4.45711 3.66704 -1.01949
-4.44679 3.65114 -1.01988
-4.42714 3.62379 -1.02013
-4.4134 3.58916 -1.0203
-4.34455 3.54455 -1.02033
-4.25355 3.50154 -1.02044
-4.14967 3.47948 -1.02054
-4.05867 3.47988 -1.02047
-3.98152 3.49732 -1.02056
-3.91774 3.52985 -1.02776
-3.88512 3.56153 -1.03121
-3.84033 3.58222 -1.03114
-3.7988 3.59328 -1.03731
-3.73628 3.59049 -1.0399
-3.64453 3.57256 -1.0618
-3.57615 3.56696 -1.07026
-3.56027 3.57134 -1.07184
-3.57457 3.57463 -1.09936
-3.57483 3.57832 -1.11052
-3.5773 3.57646 -1.11279
-3.56802 3.56499 -1.11213
-3.52148 3.54628 -1.09786
-3.49784 3.52731 -1.09162
-3.43667 3.49804 -1.0962
-3.38965 3.48738 -1.09807
-3.33379 3.48669 -1.09924
-3.2923 3.50263 -1.11432
-3.28803 3.52716 -1.12066
-3.28639 3.53577 -1.12111
-3.27092 3.52698 -1.12699
-3.25355 3.50314 -1.12861
-3.17053 3.45467 -1.12891
-3.11766 3.43162 -1.13621
-3.08289 3.41422 -1.13236
-3.10616 3.40488 -1.13014
-3.13514 3.3959 -1.12869
-3.16221 3.37767 -1.10741
-3.1524 3.34655 -1.09908
-3.05922 3.30906 -1.06235
-2.9625 3.27633 -1.04844
-2.87658 3.25814 -1.04677
-2.78527 3.25535 -1.04199
-2.68584 3.26076 -1.04111
-2.58447 3.27131 -1.04889
-2.50371 3.28375 -1.05352
-2.43853 3.2931 -1.05455
-2.37982 3.30176 -1.06697
-2.31069 3.29919 -1.06978
-2.25502 3.30181 -1.06847
-2.21551 3.30736 -1.1358
-2.15296 3.30877 -1.16716
-2.10564 3.30451 -1.1971
-2.07543 3.28978 -1.20772
-2.06585 3.27832 -1.20204
-2.09875 3.27575 -1.1959
-2.13797 3.26426 -1.19227
-2.18261 3.2509 -1.18398
-2.22366 3.22857 -1.18017
-2.24388 3.21074 -1.17868
-2.2665 3.20496 -1.16421
-2.28142 3.20882 -1.1582
-2.31094 3.22637 -1.15695
-2.3856 3.24892 -1.14953
-2.44513 3.25564 -1.14725
-2.48537 3.25671 -1.14767
-2.52813 3.25643 -1.12758
-2.5532 3.23472 -1.11962
-2.53089 3.18276 -1.11783
-2.44305 3.11886 -1.0839
-2.40313 3.07363 -1.06913
-2.40094 3.04626 -1.05886
-2.44194 3.02147 -1.05677
-2.4595 2.99249 -1.05771
-2.48522 2.96499 -1.05168
-2.51668 2.93659 -1.05633
-2.52024 2.90913 -1.05892
-2.45613 2.88302 -1.06016
-2.36652 2.86916 -1.06808
-2.26632 2.87241 -1.07169
-2.17562 2.89467 -1.0727
-2.16361 2.93322 -1.07278
-2.14433 2.96559 -1.07148
-2.13603 2.99563 -1.07017
-2.15197 3.02982 -1.10454
-2.15111 3.0674 -1.11869
-2.15329 3.10521 -1.15797
-2.07472 3.11835 -1.17261
-2.02983 3.14208 -1.17472
-2.04182 3.18796 -1.1724
-2.07098 3.23864 -1.17006
-2.09513 3.28243 -1.16902
-2.12814 3.31863 -1.16896
-2.07658 3.31037 -1.12662
-2.09818 3.319 -1.10881
-2.06518 3.2884 -1.10545
-1.98278 3.22934 -1.09294
-1.86883 3.16451 -1.08875
-1.75941 3.11577 -1.10235
-1.66221 3.08701 -1.10911
-1.59543 3.07877 -1.11219
-1.52884 3.07269 -1.12627
-1.42552 3.05001 -1.13095
-1.32364 3.01741 -1.13114
-1.25569 2.97937 -1.15868
-1.23724 2.93741 -1.17007
-1.23031 2.89426 -1.17235
-1.25464 2.85255 -1.20641
-1.25253 2.79596 -1.21966
-1.24844 2.74022 -1.23621
-1.24427 2.69419 -1.24072
-1.2532 2.66689 -1.22598
-1.20596 2.63097 -1.2182
-1.22083 2.61952 -1.21865
-1.2604 2.60857 -1.19851
-1.31882 2.60403 -1.19015
-1.39393 2.60689 -1.16722
-1.41726 2.60158 -1.15866
-1.4304 2.60642 -1.15752
-1.41283 2.61073 -1.1295
-1.39887 2.62095 -1.11745
-1.37595 2.63686 -1.11443
-1.32656 2.65636 -1.11598
-1.23669 2.67179 -1.11859
-1.16806 2.69491 -1.12017
-1.14397 2.71982 -1.11965
-1.13452 2.71891 -1.12497
-1.10709 2.68483 -1.12711
-1.09134 2.64938 -1.12099
-1.0424 2.59244 -1.11771
-1.01281 2.55166 -1.1167
-0.9728 2.50923 -1.10306
-0.938055 2.47034 -1.09834
-0.904363 2.44503 -1.09745
-0.857122 2.41947 -1.06395
-0.826647 2.40381 -1.04827
-0.809266 2.39327 -1.0442
-0.782166 2.3713 -1.01768
-0.775923 2.35829 -1.0083
-0.773933 2.33713 -1.00658
-0.751485 2.30502 -0.957839
-0.725353 2.2731 -0.945498
-0.690061 2.23407 -0.943623
-0.63894 2.19643 -0.938203
-0.614757 2.17732 -0.937138
-0.576359 2.15337 -0.937753
-0.539456 2.13578 -0.938621
-0.49286 2.11342 -0.938978
-0.445327 2.09051 -0.932248
-0.405787 2.08423 -0.929313
-0.362747 2.07729 -0.92869
-0.332856 2.08576 -0.914374
