3.71681 -2.18019 0.0500622
3.84458 -2.29122 -0.0497516
6.68616 -4.34126 -0.0462675
8.6452 -7.72248 -0.0126152
4.06814 -2.55105 0.0365819
5.81024 -5.73039 -0.109138
3.4182 -2.10028 0.081666
2.47652 -1.48359 0.0528954
5.92607 -4.29472 0.17412
4.57157 -4.22013 -0.58029
6.55803 -6.03369 -0.348985
9.70229 -4.57861 1.80941
9.67491 -3.87294 3.4953
9.24469 -5.78077 0.164277
15.0112 -6.32208 3.82973
5.45053 -2.65622 -0.052302
5.43845 -2.6893 -0.0213707
12.9644 -10.6901 -0.356286
12.9644 -10.6901 -0.356383
13.046 -10.6634 -0.527983
7.67496 -6.62004 -0.685485
5.1138 -2.59601 0.120728
8.8875 -7.5699 0.0130898
8.8875 -7.5699 0.0130898
4.32708 -2.36421 -0.0651564
8.12163 -7.50239 0.101064
9.05615 -7.63339 -0.160025
8.83184 -7.53272 -0.0282875
8.96204 -7.64765 -0.00779521
9.42939 -7.99987 -0.0471508
9.17875 -7.75344 -0.245677
7.06564 -3.65672 0.466561
6.67667 -3.78706 -0.102597
8.08257 -4.47067 -0.0382595
8.86612 -5.17933 -0.0449795
8.10823 -4.49257 0.0686613
7.09529 -4.15071 -0.0487594
7.0784 -4.15457 0.0190821
7.0153 -4.38934 -0.0591172
7.43756 -4.90048 -0.0712409
7.68019 -5.39365 -0.137934
11.5404 -10.7954 -0.234265
10.3963 -9.3134 -0.284387
7.68439 -5.44235 -0.148432
11.9733 -10.8872 -0.383411
9.47381 -4.95241 1.54602
9.59749 -4.79055 1.37927
11.9437 -10.9753 -0.393344
11.7406 -11.3059 -0.268796
11.8564 -11.0231 -0.121908
11.4048 -10.15 -0.427765
11.1139 -10.33 -0.328486
10.194 -9.08897 -0.349587
11.377 -10.453 -0.160554
7.0118 -4.64257 0.037688
7.71306 -5.51615 -0.145783
11.5827 -10.9515 -0.278149
11.2125 -10.2025 -0.200596
11.9158 -11.3314 -0.186354
10.7356 -9.73929 -0.23698
8.12254 -5.26756 0.0290267
11.421 -10.1265 -0.209124
8.06521 -5.21432 0.0273404
7.87077 -5.14539 0.146563
9.70863 -9.26267 -0.364911
11.6996 -10.5045 -0.373296
11.3591 -10.6534 -0.253248
10.5966 -9.54371 -0.258264
7.77122 -5.14941 0.1175
10.1642 -9.91505 -0.287031
11.9813 -10.9638 -0.333122
11.5731 -11.0789 -0.205127
10.6496 -9.75169 -0.232939
9.03022 -7.69565 -0.236593
9.70206 -6.03607 0.875648
10.1226 -10.0501 -0.316268
11.6835 -6.46971 1.71257
11.6753 -6.48702 1.70491
11.6937 -11.0093 -0.269854
9.61624 -8.31493 -0.0571828
10.8286 -11.0642 -0.149981
11.5433 -10.8536 -0.334968
11.0666 -10.9605 -0.18449
10.2476 -9.6465 -0.256866
11.3879 -10.3968 -0.225694
11.0343 -10.6323 -0.06652
10.8263 -10.0087 -0.0362052
11.2099 -10.6257 0.0754087
10.4468 -6.66098 0.598336
11.8613 -11.7826 -0.271777
11.9997 -11.5473 -0.295297
10.8967 -9.99633 -0.359788
12.3429 -11.6332 -0.0800858
12.3892 -11.5376 -0.0928595
11.3456 -10.1381 -0.180435
12.678 -11.5631 0.12034
11.0348 -10.0379 0.0729152
10.641 -9.58598 -0.536862
9.74852 -6.66795 -0.0363197
9.57014 -6.64833 -0.0905829
9.75797 -6.7794 0.0340718
9.18651 -6.67508 0.0305942
9.8421 -6.89177 -0.0063915
10.1218 -6.98379 0.146925
10.2349 -7.22066 -0.0255209
10.4145 -7.47605 -0.00986338
10.1168 -7.88189 0.0395929
10.1236 -7.88394 0.043377
10.4662 -7.48737 0.0536917
10.7617 -8.38176 0.491697
10.3784 -8.2718 0.298854
10.2387 -8.22117 0.185887
9.99569 -8.03694 0.0648464
10.1436 -8.21472 -0.0446404
10.2278 -8.27982 -0.00569157
10.1124 -8.52333 -0.0447997
11.2827 -9.47462 0.359653
10.5125 -8.52082 0.0950186
10.1335 -8.97151 0.0400756
10.0432 -8.98577 0.0432638
10.0444 -8.98897 0.0431695
10.0904 -9.04442 0.0709926
10.0463 -9.00479 0.0432439
11.1665 -9.07425 0.258535
11.0814 -9.21243 0.257513
10.8745 -8.96139 0.259077
10.6258 -8.66219 0.0264195
10.5502 -8.6494 -0.0112683
10.6296 -9.04886 0.00362279
10.8458 -9.06862 0.00333472
10.7418 -8.8567 -0.0273665
10.8984 -8.85836 -0.0070648
11.1875 -9.58955 0.151237
10.9346 -9.42137 0.153523
10.5211 -9.56247 -0.180676
10.5258 -9.4183 -0.107289
10.9202 -10.1138 -0.0291092
10.9153 -10.11 -0.032162
9.68148 -9.83474 -0.0937162
9.45993 -9.34099 -0.0789621
9.54708 -9.17093 -0.0771827
9.11576 -9.70061 -0.0121033
7.81729 -11.9699 -0.183125
7.87521 -11.8317 -0.363766
7.84553 -11.8214 -0.173495
9.37011 -8.98859 -0.0167339
9.53806 -11.4151 0.613318
7.94415 -12.007 0.0811955
7.98905 -11.461 -0.298164
7.92652 -11.4397 -0.214244
8.02572 -11.357 -0.209574
7.87564 -12.3627 -0.234348
7.96064 -11.9277 -0.45702
8.70184 -10.2154 -1.61767e-05
7.94468 -10.6007 -0.178623
7.99395 -10.4384 -0.332202
7.96594 -10.4142 -0.178314
9.10807 -10.2752 -0.0110283
8.10231 -10.2903 -0.197506
8.06871 -10.0591 -0.187016
8.16456 -10.0267 -0.209899
8.04079 -10.0565 -0.212865
8.05997 -10.5694 -0.204655
8.01433 -10.005 -0.203396
8.828 -10.4024 0.0863586
8.98909 -10.4753 -0.0967892
9.85933 -11.4211 0.453452
8.99324 -10.4539 0.0915044
8.90229 -9.7472 0.000202579
8.92066 -9.79441 0.00092308
8.94266 -9.87057 -0.000880849
7.88883 -9.6197 0.013971
8.70745 -9.73993 -0.0430676
7.94194 -9.86015 -0.0272125
8.73274 -9.7187 -0.0532653
8.03523 -10.6986 0.233586
7.91424 -10.4713 0.106051
7.8399 -9.73291 0.154069
7.9985 -9.70826 0.152808
8.02201 -9.87442 -0.0016531
7.99449 -9.85335 0.00296423
8.00319 -9.85586 -0.0035849
8.054 -10.0456 0.0607193
6.24277 -13.6213 -0.219372
8.07222 -9.16708 0.0611705
6.26616 -13.6489 -0.132688
7.92715 -9.24409 -0.0282323
6.00211 -12.8052 -0.169532
5.96656 -12.8426 -0.178019
6.10935 -12.4399 -0.0828536
6.17213 -12.0708 -0.195817
7.84229 -9.33997 0.0880179
8.04194 -10.1141 0.434342
7.71868 -9.29247 0.0290747
8.00919 -10.6493 0.456505
7.72298 -9.3003 0.0286296
5.91439 -12.6056 -0.128895
5.96439 -12.2721 -0.235065
6.00262 -13.3619 -0.33258
5.99294 -13.1564 -0.282233
6.00714 -13.2454 -0.177769
5.9421 -13.1485 -0.253143
5.90761 -13.416 -0.334448
5.92495 -13.2629 -0.331253
5.95308 -13.2771 -0.25009
5.93134 -13.2805 -0.256794
7.47709 -12.9656 0.0619333
7.40633 -12.7725 0.0733268
7.48354 -12.803 0.0901964
7.46131 -12.7972 0.0909679
6.64919 -12.7771 0.0783049
9.8685 -24.2251 5.78045
7.41082 -14.6442 1.12619
6.55788 -12.8737 0.154573
7.73253 -24.7321 5.18114
6.71501 -13.4741 0.223207
6.84058 -13.027 0.135585
6.73703 -13.0039 0.0268924
6.53954 -12.9291 -0.00893623
8.92363 -24.6791 5.26023
6.66384 -12.8772 0.0387331
6.57972 -13.2677 0.14809
6.76069 -13.5903 -0.00186511
6.95921 -16.0529 0.554574
6.67725 -13.8201 0.0169239
6.71384 -13.8032 -0.00298006
6.59315 -13.4804 0.00734631
6.59301 -13.409 -0.00924018
5.74036 -13.1532 0.0924854
5.75373 -13.0704 0.0522257
5.7199 -13.3138 0.0497335
5.73018 -13.2788 0.0452332
5.88051 -13.5558 0.0318419
5.82141 -13.3804 -0.0234278
5.88863 -13.5464 0.0343466
5.30768 -13.9962 0.290441
5.88391 -14.2336 0.288097
5.8892 -13.6627 0.0637736
5.55487 -13.2533 0.0491174
5.73831 -13.3737 0.0547509
5.87026 -13.4461 0.0642646
5.77821 -13.3902 0.0610323
5.73278 -14.0007 0.305504
5.17457 -15.278 0.983122
5.32914 -15.4387 0.984454
5.60379 -15.1953 0.161679
5.5167 -16.5935 0.9057
5.35703 -16.5446 0.881798
5.57818 -14.6146 0.112881
5.53619 -14.9061 0.234999
5.59214 -14.8319 0.267429
5.51336 -14.4388 0.0133838
5.51282 -14.368 -0.00351276
5.4827 -14.6015 0.0870278
5.25754 -14.2191 -0.0336384
5.18341 -14.1982 0.0590398
5.20405 -14.2166 0.0453491
5.18473 -14.2053 0.0714042
5.19257 -13.956 0.0521899
4.95411 -14.7172 0.229921
4.89331 -14.5975 0.233686
4.24005 -13.9329 0.244261
4.50265 -13.5183 0.0657694
3.93446 -16.1242 1.06336
1.3459 -25.6152 5.41378
-1.17531 -23.7674 5.81545
2.09037 -26.0864 5.60067
4.0854 -13.8906 0.292282
3.94278 -16.2576 1.19434
3.78252 -16.0805 1.20159
3.97896 -16.2874 1.1922
4.60312 -14.1283 0.377262
4.60628 -13.4503 0.150193
3.09708 -14.5323 0.985404
4.5775 -13.503 8.43045e-05
4.60816 -13.5489 -3.71018e-05
4.5913 -13.5557 -0.000758747
4.36032 -13.4999 0.0516672
0.491023 -14.917 -0.19187
3.42138 -13.8933 0.297962
1.35377 -14.2544 0.0136488
1.48184 -14.2162 -0.0657553
3.77473 -13.8594 0.307991
3.54791 -14.1507 0.165075
4.06533 -13.4222 -0.0994143
4.01927 -13.3604 -0.120295
3.93235 -13.4921 -0.0799522
0.995457 -15.4091 -0.095462
3.82232 -13.6303 -0.0158912
1.86506 -14.5795 -0.507772
3.04286 -14.1342 -0.00458809
3.04921 -14.1268 -0.0133356
1.30206 -15.7174 0.147331
1.96584 -14.7847 -0.019357
0.980252 -14.8406 -0.00489215
-0.783764 -17.6555 -0.289226
-0.380468 -17.0438 -0.241189
-0.876196 -17.9285 -0.181989
-0.795379 -18.2063 0.0494245
-0.275577 -17.3471 0.106794
-0.58815 -16.8174 0.0398379
-0.828126 -17.1186 -0.0275408
-0.183501 -17.7801 0.0752546
-0.208616 -17.8083 0.042152
-0.627882 -20.461 1.05036
-0.312259 -18.3678 0.0349159
-0.467582 -18.9217 -0.000720624
-0.812047 -19.9414 0.0194209
-0.588248 -19.6205 0.0810472
-1.13185 -19.6539 0.0279268
-1.3996 -20.0018 -0.0715222
-1.20429 -17.7389 0.0285004
-1.6395 -20.7486 -0.00349938
-1.60969 -20.7102 -0.0440733
-1.82239 -21.0981 -0.0493928
-1.13655 -17.669 0.0384599
-1.06291 -19.8919 0.00477352
-1.35963 -20.1361 0.0712226
-1.33197 -20.0718 -0.043995
-2.478 -20.556 -0.438247
-1.41818 -20.1054 0.0360041
-1.59246 -19.7565 0.00916675
-1.46106 -19.8748 -0.021561
-1.43667 -19.918 -0.0194974
-1.49602 -19.8969 -0.0118819
-3.77984 -22.654 0.0281804
-3.70794 -22.5376 0.0352868
-1.8397 -20.2081 0.0322761
-1.73745 -19.8016 0.017077
-1.85417 -20.0311 0.0356114
-1.79313 -20.1325 0.00278233
-1.95453 -20.5117 -0.00422623
-1.95474 -20.4794 -0.0156726
-2.10261 -20.7172 -0.0361818
-2.05593 -20.4503 -0.023788
-2.38354 -21.5878 -0.172113
-2.39565 -21.6759 -0.181811
-4.41652 -24.6971 -0.0630041
-4.29439 -24.4013 -0.0784191
-4.31159 -24.4166 -0.0722877
-4.3721 -24.3252 0.00458683
-4.19367 -23.939 0.0333597
-4.67884 -24.5486 -0.0378292
-4.51604 -24.1152 -0.0780675
-4.80528 -24.346 -0.0444489
-5.01363 -24.5105 0.0181693
-5.04431 -24.4643 -0.0362182
-5.0448 -24.4668 -0.0312654
-5.04779 -24.4782 -0.0273612
-5.14403 -24.5552 -0.0152766
-5.88351 -25.7349 0.453445
-5.65845 -25.5019 0.094227
-11.9762 -35.2506 3.89822
-6.21404 -25.9949 0.195394
-5.84876 -25.4148 -0.0133356
-5.47449 -25.1449 -0.0408557
-7.41061 -27.7924 1.00091
-6.29678 -24.7751 0.0928305
-6.17061 -24.5514 -0.0616646
-6.79112 -26.0888 0.0105884
-7.22336 -26.4566 0.221083
-6.55709 -24.4393 -0.0135104
-6.59143 -24.4873 -0.0107001
-11.6115 -30.6376 -0.21287
-7.43944 -24.3375 0.0179422
-7.45071 -24.3576 0.0220421
-7.74638 -24.5619 -0.100269
-7.74487 -24.5718 -0.0909161
-7.95252 -24.5924 0.0532241
-8.48221 -24.7888 -0.0582101
-8.56379 -24.8691 -0.0600954
-8.85693 -24.8714 -0.0407596
-9.22761 -25.0717 0.066354
-9.28874 -25.1382 -0.0331765
-9.51868 -25.1683 0.0683495
-10.0399 -25.7007 0.393041
-11.3574 -25.5369 0.0793775
-9.53469 -25.249 0.0783662
-19.287 -32.695 4.45096
-19.7283 -32.0012 4.52855
-10.2767 -25.6838 0.1729
-9.93921 -25.5724 0.0239622
-10.2796 -25.5102 0.173601
-9.98335 -25.4756 0.0521852
-10.2367 -25.5358 0.0278158
-10.2222 -25.8258 0.12061
-11.7349 -25.6824 0.0902677
-10.8461 -25.3215 0.0950146
-10.5635 -25.9056 0.213949
-11.4709 -26.8136 0.599317
-10.3319 -25.8804 0.0697417
-10.7873 -26.1725 0.116343
-11.8993 -26.8918 0.559167
-10.5968 -26.0465 0.0510251
-20.2391 -32.9193 4.10729
-11.0328 -26.3757 0.201206
-11.5649 -26.7914 -0.11913
-11.7194 -26.6686 -0.136278
-12.379 -26.8657 -0.0988042
-14.4421 -27.5238 0.0219862
-16.9508 -28.147 1.03291
-13.4815 -27.5277 0.0344088
-17.2625 -28.5216 0.972526
-12.987 -27.621 0.114123
-11.8164 -27.0637 -0.0189181
-12.4794 -27.4851 -0.0577526
-13.3809 -27.9286 -0.0880604
-12.1066 -26.9031 -0.0149245
-24.1537 -33.6182 5.58252
-12.8466 -27.6404 -0.111217
-12.119 -27.2094 -0.0467178
-24.2212 -33.4866 5.52354
-15.9275 -28.9904 -0.204386
-13.2964 -27.6941 0.308753
-24.6282 -32.0773 5.10136
-12.7804 -27.4483 0.0971129
-12.738 -27.3392 0.0125151
-12.52 -27.2457 -0.0136054
-12.6062 -27.1329 0.00789166
-12.5275 -26.8167 0.0130199
-25.302 -30.7808 4.25165
-12.531 -26.7749 0.00687248
-12.5705 -27.1662 0.0139211
-13.0555 -27.2241 0.0173737
-13.2116 -26.5174 -0.0439502
-13.2411 -26.4048 -0.0647428
-12.9853 -26.6142 0.348848
-12.8873 -26.4365 -0.0672498
-12.2348 -26.6153 0.0204373
-12.4503 -26.4773 0.137028
-12.2981 -26.6213 0.0444356
-12.8672 -26.4762 0.0578882
-18.2748 -26.2076 2.75178
-12.2335 -26.3815 0.056604
-12.316 -26.3984 -0.0216536
-12.331 -26.3998 -0.0216713
-12.2552 -26.3719 -0.0282227
-26.0235 -25.2651 4.0395
-12.3839 -26.3587 -0.0276551
-12.7747 -26.3656 -0.0410457
-14.1678 -26.1607 0.253346
-13.4539 -26.2563 -0.0524672
-13.6031 -26.2653 -0.0496314
-13.4309 -25.9542 -0.0475819
-13.2395 -26.2042 0.023947
-13.4446 -26.1547 -0.0513584
-14.9619 -25.9827 0.227907
-14.5186 -25.5067 0.230248
-13.2588 -25.8352 0.0180743
-13.6534 -25.5744 0.0128761
-13.7357 -25.6708 0.0298376
-14.1334 -25.3488 -0.0313374
-15.1704 -24.7065 -0.100192
-13.9062 -25.3525 0.0842793
-14.5203 -25.1858 0.301725
-13.9338 -25.3009 0.0165778
-15.5643 -24.4884 0.0321664
-13.9985 -25.3257 -0.00794595
-15.2014 -24.6712 0.0226837
-14.3346 -25.1835 0.0537642
-14.3629 -25.2533 0.0583374
-14.6749 -25.0176 -0.00325364
-14.7098 -25.0285 -0.0120143
-15.4715 -24.5732 -0.272881
-14.8692 -24.7415 -0.167354
-15.2833 -24.5863 -0.298128
-15.2336 -24.6477 -0.00104957
-15.2304 -24.6287 0.000223957
-15.866 -24.5173 0.231461
-15.5178 -24.4856 0.0296536
-15.8796 -24.1056 -0.0280424
-15.9477 -24.3672 -0.0182035
-28.4072 -25.0428 6.09282
-16.3995 -24.0129 0.0162766
-16.709 -24.2302 0.00282725
-17.2851 -23.658 -0.0602637
-18.9497 -23.0107 0.0970125
-17.6247 -24.266 -0.00957218
-18.1735 -23.3596 -0.0308069
-17.8645 -23.6407 -0.050399
-18.5726 -23.3969 0.00550533
-18.425 -23.4848 -0.00250595
-18.3256 -23.3593 -0.00235755
-30.455 -22.0636 4.54339
-19.3687 -23.0233 0.0324373
-19.1038 -22.7322 0.028406
-19.3165 -22.4055 0.0216042
-19.6678 -23.1296 0.0274757
-19.3665 -22.4077 0.0190968
-19.3508 -22.3912 0.0171934
-19.3763 -22.192 -0.037476
-19.8042 -22.7272 -0.0367017
-29.6511 -16.5588 3.28754
-20.1641 -22.568 0.039028
-19.7293 -22.3869 0.000100956
-19.9651 -22.4979 -0.0135045
-20.3733 -22.2978 -0.0159476
-19.7729 -22.3902 -0.0118758
-19.9001 -21.3771 0.232607
-31.6113 -18.5347 4.45534
-19.8633 -22.0353 0.0219361
-19.6054 -21.8859 -0.00230041
-19.7818 -21.8431 -0.00489676
-19.6664 -21.4891 -0.0178382
-19.9913 -20.9029 0.0403387
-19.8171 -21.1807 -0.0154589
-19.9929 -20.9999 -0.0150225
-19.9727 -20.925 0.0395447
-20.1968 -20.5579 0.0711685
-20.2773 -20.6701 0.0298113
-20.2494 -20.3173 -0.0861742
-20.4474 -19.8299 0.0701575
-20.8037 -19.5915 0.0180489
-20.56 -19.6449 -0.0158102
-20.6785 -19.271 -0.0761476
-20.7782 -19.1836 0.0610307
-20.625 -19.006 -0.0467798
-20.6641 -18.9804 -0.0417435
-20.8121 -18.6216 0.0160244
-20.9412 -18.6736 0.0138365
-20.7142 -17.7239 0.0406948
-20.7212 -17.697 0.0472659
-21.1559 -18.0683 0.0140366
-20.7504 -17.5312 0.0500184
-20.6531 -17.4368 0.0512143
-20.8263 -17.5521 0.0413033
-20.9091 -17.2576 -0.0124284
-20.9237 -17.1653 0.0382272
-20.7002 -17.5107 -0.00467088
-21.0071 -16.7485 -0.00881962
-21.0143 -16.8212 -0.00989178
-21.0101 -16.7964 -0.00715586
-21.0099 -16.8056 -0.00988845
-20.7892 -16.4935 0.0378723
-20.9168 -16.483 0.0376864
-20.5305 -16.8756 -0.0566625
-20.9372 -16.6354 0.0382666
-20.4764 -16.5568 -0.0111788
-24.9322 -5.19633 3.29609
-20.7333 -12.1031 0.334202
-21.1756 -12.7411 0.312379
-20.8067 -15.2725 -0.160394
-20.6261 -13.9135 -0.213076
-23.1109 -5.01665 3.13474
-20.7946 -15.9799 -0.029419
-20.9487 -16.0652 -0.0445827
-20.7221 -16.101 -0.0280234
-21.0413 -16.0168 -0.0326218
-20.7723 -15.3581 0.0384796
-20.7807 -15.3564 0.0332948
-20.684 -15.4261 0.0425048
-20.6445 -15.1943 -0.0640389
-20.6295 -15.0414 -0.0560041
-20.8822 -14.7543 0.0487904
-20.7381 -15.2453 0.0278102
-19.8533 -10.0274 0.156834
-19.0392 -2.5963 -0.368431
-16.4343 -2.6851 -0.143437
-20.0058 -13.0466 0.0147558
-23.5085 -4.54053 6.1721
-20.5141 -15.838 0.00175769
-19.175 -3.00913 -0.823857
-19.9095 -12.6445 0.0379108
-20.5206 -15.2615 0.138501
-19.8626 -14.6906 0.00572788
-19.9663 -13.5892 0.00149881
-20.0658 -12.7328 -0.0482294
-20.2782 -11.4766 -0.0616099
-20.3624 -11.8186 -0.0256501
-20.4116 -10.7493 0.062325
-20.3261 -10.8354 0.0229573
-20.3158 -10.8732 0.00706449
-20.1079 -10.0977 0.107232
-20.1504 -10.377 0.0559623
-20.0545 -9.12493 -0.00424988
-19.8961 -8.3 0.0354813
-19.8981 -8.18643 0.03601
-19.9243 -8.29188 -0.00392976
-19.7578 -7.91862 0.00322491
-19.7276 -7.83571 0.00952392
-19.7764 -8.17375 -0.0231306
-19.5524 4.66006 2.11392
-19.2077 -6.36493 -0.0888847
-16.2387 -2.43163 0.0698926
-18.7487 -3.59917 -0.0679806
-18.6875 -5.37312 -0.043088
-18.9432 -5.16376 -0.0304939
-19.1627 -5.81785 -0.0519537
-14.5397 4.23197 -0.636689
-14.8215 3.71206 -0.465562
-14.9164 2.89439 -0.463532
-14.8923 3.893 -0.520003
-18.4124 -0.986843 -0.00486533
-15.9838 -0.52764 -0.606555
-16.1327 -0.784586 -0.494079
-16.1167 -1.07676 -0.498578
-14.4867 3.05315 -0.723554
-14.4686 2.51307 -0.759453
-15.8709 0.135037 -0.564311
-16.0491 -0.195685 -0.437255
-16.0357 -0.520861 -0.44371
-13.5303 6.42951 0.403242
-16.4014 -0.196571 -0.0544206
-16.4278 -0.207609 0.0816177
-16.3016 -0.219109 0.0743476
-16.51 -0.195234 0.03745
-17.1956 -1.93066 -0.278242
-17.2636 -2.06668 -0.201218
-17.2073 -2.16 -0.222473
-17.316 -2.03603 -0.229589
-19.7649 -4.4482 0.0486567
-16.271 0.485705 -0.597726
-16.3793 0.269446 -0.480533
-16.3402 0.0390377 -0.504022
-16.4518 0.305849 -0.524741
-20.097 -3.83309 0.0243651
-20.0381 -3.27453 0.0249479
-16.4448 0.746173 -0.525788
-16.5494 0.528774 -0.409708
-16.5058 0.298455 -0.436386
-15.6825 1.97358 -0.52746
-20.0751 -3.89759 -0.00662669
-15.6402 2.17536 -0.705156
-15.7556 1.95419 -0.567377
-20.2243 -1.53274 0.74619
-20.2584 4.98864 2.18648
-20.0167 -1.67355 0.252646
-16.0727 1.11136 -0.203951
-15.5877 2.20126 -0.253421
-16.4277 0.800168 -0.395905
-16.5911 0.297326 -0.479312
-19.9733 -2.76807 0.0410586
-20.2156 -3.74132 -0.0124534
-17.1896 -0.571431 -0.531733
-20.1927 -3.79018 0.0122173
-20.0837 -3.71206 0.0121786
-19.9168 -3.26945 0.0636231
-19.9363 -3.01332 0.21024
-19.963 -3.08202 0.0605283
-20.0272 -2.51562 0.0263438
-16.9686 -0.265362 -0.193175
-20.0262 -2.61319 0.0479938
-20.0556 -3.33703 0.0132649
-20.0175 -2.42211 -0.00236093
-16.7259 0.223432 -0.275349
-20.0125 -2.55437 0.00505133
-19.9414 -2.72344 0.112429
-19.9402 -2.89731 0.0998688
-16.1063 0.856189 -0.38925
-17.0352 -0.541453 -0.534965
-19.8849 -2.72414 -0.0484103
-19.8807 -2.76372 -0.0518781
-19.3044 -1.96302 -0.0235151
-19.0897 -1.6997 0.015707
-19.102 -1.68375 0.00725161
-19.0996 -1.69961 -0.00619985
-17.1337 -0.812258 -0.25771
-18.9777 -1.8188 -0.0112898
-19.0568 -1.55735 0.163668
-19.0372 -1.84769 -0.00734992
-18.8603 -1.53048 0.038705
-18.6253 -1.16997 -0.0101801
-18.5164 -0.835359 -0.00607197
-16.4044 -0.225148 -0.304397
-18.282 -0.763247 -0.0201606
-18.615 -1.18241 -0.0128016
-18.2089 -0.542544 -0.0224041
-16.7693 -0.603411 -0.311598
-18.3461 -0.46141 0.066671
-16.0775 0.0991082 -0.322041
-15.7204 0.794667 -0.266055
-16.3651 -0.403978 -0.290205
-16.0621 0.177545 -0.230966
-16.7224 -0.876248 -0.276722
-17.4901 0.94506 0.724168
-17.7322 -0.508435 0.079198
-16.0104 0.211842 -0.221564
-15.9098 0.331099 -0.222187
-15.2503 0.992428 -0.20002
-15.2169 0.946938 0.0402618
-15.0624 0.994048 -0.264327
-14.8992 1.17945 -0.259614
-14.956 1.12397 -0.222056
-14.7721 1.3349 -0.214512
-14.8535 1.2426 -0.305404
-14.5958 1.56201 -0.287931
-15.1004 0.812453 0.0376367
-14.7203 1.06498 0.040443
-14.8397 1.15228 -0.250928
-14.5021 1.48217 -0.298054
-14.5424 1.42951 -0.297698
-14.6104 1.2564 -0.281914
-15.037 0.851698 0.0285001
-14.5402 1.18683 0.0414691
-14.9654 0.95272 0.0567748
-14.4403 1.31606 0.073349
-14.9773 1.00981 0.277366
-14.6218 1.17258 -0.0260623
-14.6364 1.15311 -0.0248147
-14.6555 1.16011 -0.027682
-14.6116 1.20185 -0.0278879
-14.8664 1.09082 0.0490112
-14.9126 1.1461 0.054103
-14.8608 1.09357 0.055133
-14.9981 1.25995 0.0514425
-15.3835 0.789477 0.0224444
-15.4544 0.540589 0.0187257
-15.2671 0.417317 0.0307807
-15.3253 0.418345 0.0120465
-15.3225 0.382088 0.0678808
-15.0197 1.12191 -0.0326795
-5.09887 8.27829 6.26037
-14.8264 0.722415 0.0258487
-15.1333 0.467635 0.0101922
-15.1245 0.458761 0.0167271
-14.5781 0.684015 -0.0024961
-14.7588 0.524318 0.0110299
-14.6948 0.554691 0.048928
-12.3496 1.53879 1.01884
-11.8798 1.1687 -0.447266
-11.7053 0.783767 -0.65634
-11.8184 1.44503 -0.40641
-7.67816 2.2724 -0.30657
-5.6813 3.31307 0.00120548
-4.87139 3.73204 0.119113
-3.59873 4.77455 0.141202
-1.73734 6.75439 0.0642152
-2.00455 3.52541 -0.135937
-2.83477 4.83311 0.0710952
-3.522 5.16018 0.0252826
-3.31556 5.05619 -0.0428555
-2.95228 5.15844 0.0472962
-2.48165 4.86716 0.0754148
-1.715 5.07387 0.0939216
-2.46414 4.7666 -0.0460431
-2.72338 4.48315 0.000638725
-2.75391 4.47404 -0.00734398
-2.83258 4.46668 -0.00762414
-2.15695 3.88042 0.013304
-2.07689 3.92711 0.0614864
-2.10111 3.92119 0.020717
-2.13371 3.92319 0.0126818
-1.65909 3.86526 0.0449925
-1.79734 3.79099 0.00324288
-1.22118 3.62801 -0.0551015
-1.21536 3.72076 0.0352365
-0.991976 3.63888 0.0283276
-1.29977 3.71225 -0.0478759
-0.371099 3.52631 -0.0063173
-0.749253 3.54248 0.0278214
-0.4973 3.41083 0.0275991
-0.234086 3.33625 -0.0120102
-0.116968 3.29028 0.0506208
-0.497778 3.10842 -0.00496369
-0.510892 3.16418 -0.00247364
-0.114735 3.02126 -0.0123878
-0.133387 3.02019 -0.0220457
0.52531 2.85177 0.00404026
0.226561 2.84341 0.0286682
1.17111 2.58265 -0.0896134
0.959474 2.63668 -0.0825291
1.90697 2.44114 0.134155
2.42882 2.02409 -0.0232588
2.35489 2.05177 -0.0111217
1.93622 2.17152 -0.01629
1.73426 2.13483 0.0622004
1.63651 2.1189 -0.016986
2.39566 1.0302 0.0147759
2.56418 0.787922 -0.00451058
2.41356 1.01486 -0.0184071
13.1433 -2.85345 3.8565
3.00425 0.830893 0.272966
